(kicad_pcb (version 20171130) (host pcbnew "(5.1.10)-1")

  (general
    (thickness 1.6)
    (drawings 22)
    (tracks 707)
    (zones 0)
    (modules 105)
    (nets 110)
  )

  (page A4)
  (layers
    (0 "F(Vin).Cu" power)
    (31 B.Cu power)
    (32 B.Adhes user)
    (33 F.Adhes user)
    (34 B.Paste user)
    (35 F.Paste user)
    (36 B.SilkS user)
    (37 F.SilkS user)
    (38 B.Mask user)
    (39 F.Mask user)
    (40 Dwgs.User user)
    (41 Cmts.User user)
    (42 Eco1.User user)
    (43 Eco2.User user)
    (44 Edge.Cuts user)
    (45 Margin user)
    (46 B.CrtYd user)
    (47 F.CrtYd user)
    (48 B.Fab user)
    (49 F.Fab user)
  )

  (setup
    (last_trace_width 0.25)
    (user_trace_width 0.254)
    (user_trace_width 0.381)
    (user_trace_width 0.762)
    (user_trace_width 3.175)
    (trace_clearance 0.2)
    (zone_clearance 0.254)
    (zone_45_only no)
    (trace_min 0.2)
    (via_size 0.8)
    (via_drill 0.4)
    (via_min_size 0.4)
    (via_min_drill 0.3)
    (uvia_size 0.3)
    (uvia_drill 0.1)
    (uvias_allowed no)
    (uvia_min_size 0.2)
    (uvia_min_drill 0.1)
    (edge_width 0.1)
    (segment_width 0.2)
    (pcb_text_width 0.3)
    (pcb_text_size 1.5 1.5)
    (mod_edge_width 0.15)
    (mod_text_size 1 1)
    (mod_text_width 0.15)
    (pad_size 2 2)
    (pad_drill 1.6)
    (pad_to_mask_clearance 0)
    (aux_axis_origin 0 0)
    (visible_elements 7FFFFFFF)
    (pcbplotparams
      (layerselection 0x010fc_ffffffff)
      (usegerberextensions false)
      (usegerberattributes true)
      (usegerberadvancedattributes true)
      (creategerberjobfile true)
      (excludeedgelayer true)
      (linewidth 0.100000)
      (plotframeref false)
      (viasonmask false)
      (mode 1)
      (useauxorigin false)
      (hpglpennumber 1)
      (hpglpenspeed 20)
      (hpglpendiameter 15.000000)
      (psnegative false)
      (psa4output false)
      (plotreference true)
      (plotvalue true)
      (plotinvisibletext false)
      (padsonsilk false)
      (subtractmaskfromsilk false)
      (outputformat 1)
      (mirror false)
      (drillshape 0)
      (scaleselection 1)
      (outputdirectory "Gerbs/"))
  )

  (net 0 "")
  (net 1 GND)
  (net 2 +5V)
  (net 3 "Net-(BZ1-Pad1)")
  (net 4 PACK_V)
  (net 5 "Net-(C2-Pad1)")
  (net 6 +3V3)
  (net 7 "Net-(C8-Pad2)")
  (net 8 "Net-(Conn1-Pad1)")
  (net 9 CELL_1)
  (net 10 CELL_2)
  (net 11 CELL_3)
  (net 12 CELL_4)
  (net 13 CELL_5)
  (net 14 CELL_6)
  (net 15 CELL_7)
  (net 16 CELL_8)
  (net 17 FAN_CTL)
  (net 18 "Net-(D2-Pad1)")
  (net 19 V_OUT_SENSE)
  (net 20 "Net-(D4-Pad1)")
  (net 21 SW_IND)
  (net 22 "Net-(D5-Pad1)")
  (net 23 SW_ERR)
  (net 24 "Net-(D6-Pad1)")
  (net 25 V_OUT)
  (net 26 "Net-(D7-Pad1)")
  (net 27 CELL_8_7_SENSE)
  (net 28 CELL_7_6_SENSE)
  (net 29 CELL_6_5_SENSE)
  (net 30 CELL_5_4_SENSE)
  (net 31 CELL_4_3_SENSE)
  (net 32 CELL_3_2_SENSE)
  (net 33 CELL_2_1_SENSE)
  (net 34 CELL_1_GND_SENSE)
  (net 35 TEMP_D_OUT)
  (net 36 SER_TX_IND)
  (net 37 "Net-(J3-Pad3)")
  (net 38 PACK_GATE)
  (net 39 "Net-(J3-Pad1)")
  (net 40 BUZZER)
  (net 41 "Net-(Q3-Pad2)")
  (net 42 E_STOP_GATE)
  (net 43 "Net-(R11-Pad2)")
  (net 44 "Net-(R17-Pad2)")
  (net 45 "Net-(R19-Pad1)")
  (net 46 "Net-(R21-Pad2)")
  (net 47 "Net-(R23-Pad1)")
  (net 48 "Net-(R25-Pad2)")
  (net 49 "Net-(R27-Pad1)")
  (net 50 "Net-(R29-Pad2)")
  (net 51 "Net-(R31-Pad1)")
  (net 52 "Net-(R33-Pad2)")
  (net 53 "Net-(R35-Pad1)")
  (net 54 "Net-(R37-Pad2)")
  (net 55 "Net-(R39-Pad1)")
  (net 56 "Net-(R41-Pad2)")
  (net 57 "Net-(R43-Pad1)")
  (net 58 "Net-(R45-Pad2)")
  (net 59 "Net-(R47-Pad1)")
  (net 60 PACK_I_SENSE)
  (net 61 "Net-(Conn5-Pad2)")
  (net 62 "Net-(F1-Pad1)")
  (net 63 "Net-(Conn4-Pad4)")
  (net 64 "Net-(C8-Pad1)")
  (net 65 "Net-(J4-Pad1)")
  (net 66 "Net-(J4-Pad3)")
  (net 67 "Net-(J4-Pad10)")
  (net 68 "Net-(J4-Pad6)")
  (net 69 "Net-(J4-Pad4)")
  (net 70 "Net-(U1-Pad0)")
  (net 71 "Net-(U1-PadVBAT)")
  (net 72 "Net-(U1-PadON/OFF)")
  (net 73 "Net-(U1-PadVUSB)")
  (net 74 "Net-(U1-PadPROGRAM)")
  (net 75 "Net-(U1-PadR+)")
  (net 76 "Net-(U1-PadT+)")
  (net 77 "Net-(U1-PadLED)")
  (net 78 "Net-(U1-Pad5V)")
  (net 79 "Net-(U1-PadD+)")
  (net 80 "Net-(U1-Pad2)")
  (net 81 "Net-(U1-Pad3)")
  (net 82 "Net-(U1-Pad4)")
  (net 83 "Net-(U1-Pad5)")
  (net 84 "Net-(U1-Pad6)")
  (net 85 "Net-(U1-Pad7)")
  (net 86 "Net-(U1-Pad8)")
  (net 87 "Net-(U1-Pad9)")
  (net 88 "Net-(U1-Pad10)")
  (net 89 "Net-(U1-Pad11)")
  (net 90 "Net-(U1-Pad12)")
  (net 91 "Net-(U1-Pad13)")
  (net 92 "Net-(U1-Pad14)")
  (net 93 "Net-(U1-Pad23)")
  (net 94 "Net-(U1-PadVIN)")
  (net 95 "Net-(U1-Pad25)")
  (net 96 "Net-(U1-Pad28)")
  (net 97 "Net-(U1-Pad29)")
  (net 98 "Net-(U1-Pad30)")
  (net 99 "Net-(U1-Pad31)")
  (net 100 "Net-(U1-Pad32)")
  (net 101 "Net-(U1-Pad33)")
  (net 102 "Net-(U1-Pad34)")
  (net 103 "Net-(U1-Pad35)")
  (net 104 "Net-(U1-Pad40)")
  (net 105 "Net-(U3-Pad2)")
  (net 106 "Net-(U3-Pad3)")
  (net 107 "Net-(J4-Pad12)")
  (net 108 "Net-(J4-Pad11)")
  (net 109 "Net-(J4-Pad7)")

  (net_class Default "This is the default net class."
    (clearance 0.2)
    (trace_width 0.25)
    (via_dia 0.8)
    (via_drill 0.4)
    (uvia_dia 0.3)
    (uvia_drill 0.1)
    (add_net +3V3)
    (add_net +5V)
    (add_net BUZZER)
    (add_net CELL_1)
    (add_net CELL_1_GND_SENSE)
    (add_net CELL_2)
    (add_net CELL_2_1_SENSE)
    (add_net CELL_3)
    (add_net CELL_3_2_SENSE)
    (add_net CELL_4)
    (add_net CELL_4_3_SENSE)
    (add_net CELL_5)
    (add_net CELL_5_4_SENSE)
    (add_net CELL_6)
    (add_net CELL_6_5_SENSE)
    (add_net CELL_7)
    (add_net CELL_7_6_SENSE)
    (add_net CELL_8)
    (add_net CELL_8_7_SENSE)
    (add_net E_STOP_GATE)
    (add_net FAN_CTL)
    (add_net GND)
    (add_net "Net-(BZ1-Pad1)")
    (add_net "Net-(C2-Pad1)")
    (add_net "Net-(C8-Pad1)")
    (add_net "Net-(C8-Pad2)")
    (add_net "Net-(Conn1-Pad1)")
    (add_net "Net-(Conn4-Pad4)")
    (add_net "Net-(Conn5-Pad2)")
    (add_net "Net-(D2-Pad1)")
    (add_net "Net-(D4-Pad1)")
    (add_net "Net-(D5-Pad1)")
    (add_net "Net-(D6-Pad1)")
    (add_net "Net-(D7-Pad1)")
    (add_net "Net-(F1-Pad1)")
    (add_net "Net-(J3-Pad1)")
    (add_net "Net-(J3-Pad3)")
    (add_net "Net-(J4-Pad1)")
    (add_net "Net-(J4-Pad10)")
    (add_net "Net-(J4-Pad11)")
    (add_net "Net-(J4-Pad12)")
    (add_net "Net-(J4-Pad3)")
    (add_net "Net-(J4-Pad4)")
    (add_net "Net-(J4-Pad6)")
    (add_net "Net-(J4-Pad7)")
    (add_net "Net-(Q3-Pad2)")
    (add_net "Net-(R11-Pad2)")
    (add_net "Net-(R17-Pad2)")
    (add_net "Net-(R19-Pad1)")
    (add_net "Net-(R21-Pad2)")
    (add_net "Net-(R23-Pad1)")
    (add_net "Net-(R25-Pad2)")
    (add_net "Net-(R27-Pad1)")
    (add_net "Net-(R29-Pad2)")
    (add_net "Net-(R31-Pad1)")
    (add_net "Net-(R33-Pad2)")
    (add_net "Net-(R35-Pad1)")
    (add_net "Net-(R37-Pad2)")
    (add_net "Net-(R39-Pad1)")
    (add_net "Net-(R41-Pad2)")
    (add_net "Net-(R43-Pad1)")
    (add_net "Net-(R45-Pad2)")
    (add_net "Net-(R47-Pad1)")
    (add_net "Net-(U1-Pad0)")
    (add_net "Net-(U1-Pad10)")
    (add_net "Net-(U1-Pad11)")
    (add_net "Net-(U1-Pad12)")
    (add_net "Net-(U1-Pad13)")
    (add_net "Net-(U1-Pad14)")
    (add_net "Net-(U1-Pad2)")
    (add_net "Net-(U1-Pad23)")
    (add_net "Net-(U1-Pad25)")
    (add_net "Net-(U1-Pad28)")
    (add_net "Net-(U1-Pad29)")
    (add_net "Net-(U1-Pad3)")
    (add_net "Net-(U1-Pad30)")
    (add_net "Net-(U1-Pad31)")
    (add_net "Net-(U1-Pad32)")
    (add_net "Net-(U1-Pad33)")
    (add_net "Net-(U1-Pad34)")
    (add_net "Net-(U1-Pad35)")
    (add_net "Net-(U1-Pad4)")
    (add_net "Net-(U1-Pad40)")
    (add_net "Net-(U1-Pad5)")
    (add_net "Net-(U1-Pad5V)")
    (add_net "Net-(U1-Pad6)")
    (add_net "Net-(U1-Pad7)")
    (add_net "Net-(U1-Pad8)")
    (add_net "Net-(U1-Pad9)")
    (add_net "Net-(U1-PadD+)")
    (add_net "Net-(U1-PadLED)")
    (add_net "Net-(U1-PadON/OFF)")
    (add_net "Net-(U1-PadPROGRAM)")
    (add_net "Net-(U1-PadR+)")
    (add_net "Net-(U1-PadT+)")
    (add_net "Net-(U1-PadVBAT)")
    (add_net "Net-(U1-PadVIN)")
    (add_net "Net-(U1-PadVUSB)")
    (add_net "Net-(U3-Pad2)")
    (add_net "Net-(U3-Pad3)")
    (add_net PACK_GATE)
    (add_net PACK_I_SENSE)
    (add_net PACK_V)
    (add_net SER_TX_IND)
    (add_net SW_ERR)
    (add_net SW_IND)
    (add_net TEMP_D_OUT)
    (add_net V_OUT)
    (add_net V_OUT_SENSE)
  )

  (module MRDT_Connectors:MOLEX_uF_S_02_Vertical (layer "F(Vin).Cu") (tedit 6105B07E) (tstamp 6215AC2A)
    (at -70.485 -242.7986 90)
    (path /61B237B3)
    (fp_text reference Conn5 (at 3.20551 -3.42921 90) (layer F.SilkS)
      (effects (font (size 0.641087 0.641087) (thickness 0.15)))
    )
    (fp_text value Molex_uF_S_02 (at 0 4.064 90) (layer F.Fab)
      (effects (font (size 0.640286 0.640286) (thickness 0.15)))
    )
    (fp_line (start 1.524 3.3782) (end 1.524 2.286) (layer F.SilkS) (width 0.12))
    (fp_line (start -1.524 3.3782) (end 1.524 3.3782) (layer F.SilkS) (width 0.12))
    (fp_line (start -1.524 2.286) (end -1.524 3.3782) (layer F.SilkS) (width 0.12))
    (fp_line (start -4.826 2.1844) (end 4.826 2.1844) (layer F.SilkS) (width 0.2))
    (fp_line (start -4.826 2.1844) (end -4.826 -1.016) (layer F.SilkS) (width 0.2))
    (fp_line (start -3.556 -2.1844) (end 3.556 -2.1844) (layer F.SilkS) (width 0.2))
    (fp_line (start 4.826 2.192) (end 4.826 -1.016) (layer F.SilkS) (width 0.2))
    (fp_line (start -5.334 2.25) (end -5.334 -3) (layer F.CrtYd) (width 0.05))
    (fp_line (start -5.334 -3) (end 5.334 -2.9972) (layer F.CrtYd) (width 0.05))
    (fp_line (start 5.334 -2.9972) (end 5.334 2.286) (layer F.CrtYd) (width 0.05))
    (fp_line (start 5.334 2.25) (end -5.334 2.25) (layer F.CrtYd) (width 0.05))
    (fp_circle (center 0.12 -3.394) (end 0.32 -3.394) (layer F.SilkS) (width 0.3))
    (pad "" np_thru_hole circle (at 4.4958 -1.9558 90) (size 1.27 1.27) (drill 1.27) (layers *.Cu *.Mask))
    (pad "" np_thru_hole circle (at -4.4958 -1.9558 90) (size 1.27 1.27) (drill 1.27) (layers *.Cu *.Mask))
    (pad 2 thru_hole circle (at 1.4986 0 90) (size 1.53 1.53) (drill 1.02) (layers *.Cu *.Mask)
      (net 61 "Net-(Conn5-Pad2)"))
    (pad 1 thru_hole rect (at -1.4986 0 90) (size 1.53 1.53) (drill 1.02) (layers *.Cu *.Mask)
      (net 1 GND))
    (model "${MRDT_KICAD_LIBRARIES}/3D Files/MRDT_Connctors/Molex_uF_S_02_Vertical.stp"
      (offset (xyz 0 0 5.08))
      (scale (xyz 1 1 1))
      (rotate (xyz 0 0 180))
    )
  )

  (module MRDT_Shields:MODULE_DEV-16771 (layer "F(Vin).Cu") (tedit 61539B43) (tstamp 621068D4)
    (at -69.596 -226.314 180)
    (path /61CA2455)
    (fp_text reference U1 (at -27.305 -10.295) (layer F.SilkS)
      (effects (font (size 1 1) (thickness 0.15)))
    )
    (fp_text value Teensy4.1_DEV-16771 (at -20.36 10.705) (layer F.Fab)
      (effects (font (size 1 1) (thickness 0.15)))
    )
    (fp_line (start -30.48 -8.89) (end 30.48 -8.89) (layer F.SilkS) (width 0.127))
    (fp_line (start 30.48 -8.89) (end 30.48 8.89) (layer F.SilkS) (width 0.127))
    (fp_line (start 30.48 8.89) (end -30.48 8.89) (layer F.SilkS) (width 0.127))
    (fp_line (start -30.48 4.03) (end -31.18 4.03) (layer F.SilkS) (width 0.127))
    (fp_line (start -30.48 -4.03) (end -31.18 -4.03) (layer F.SilkS) (width 0.127))
    (fp_line (start -31.18 4.03) (end -31.18 -4.03) (layer F.SilkS) (width 0.127))
    (fp_line (start -30.48 8.89) (end -30.48 4.03) (layer F.SilkS) (width 0.127))
    (fp_line (start -30.48 -8.89) (end -30.48 -4.03) (layer F.SilkS) (width 0.127))
    (fp_line (start -30.73 -9.14) (end 30.73 -9.14) (layer F.CrtYd) (width 0.05))
    (fp_line (start 30.73 -9.14) (end 30.73 9.14) (layer F.CrtYd) (width 0.05))
    (fp_line (start 30.73 9.14) (end -30.73 9.14) (layer F.CrtYd) (width 0.05))
    (fp_line (start -30.73 4.28) (end -31.43 4.28) (layer F.CrtYd) (width 0.05))
    (fp_line (start -30.73 -4.28) (end -31.43 -4.28) (layer F.CrtYd) (width 0.05))
    (fp_line (start -31.43 4.28) (end -31.43 -4.28) (layer F.CrtYd) (width 0.05))
    (fp_line (start -30.73 9.14) (end -30.73 4.28) (layer F.CrtYd) (width 0.05))
    (fp_line (start -30.73 -9.14) (end -30.73 -4.28) (layer F.CrtYd) (width 0.05))
    (fp_line (start -30.48 -8.89) (end 30.48 -8.89) (layer F.Fab) (width 0.127))
    (fp_line (start 30.48 -8.89) (end 30.48 8.89) (layer F.Fab) (width 0.127))
    (fp_line (start 30.48 8.89) (end -30.48 8.89) (layer F.Fab) (width 0.127))
    (fp_line (start -30.48 4.03) (end -31.18 4.03) (layer F.Fab) (width 0.127))
    (fp_line (start -30.48 -4.03) (end -31.18 -4.03) (layer F.Fab) (width 0.127))
    (fp_line (start -31.18 4.03) (end -31.18 -4.03) (layer F.Fab) (width 0.127))
    (fp_line (start -30.48 8.89) (end -30.48 4.03) (layer F.Fab) (width 0.127))
    (fp_line (start -30.48 -8.89) (end -30.48 -4.03) (layer F.Fab) (width 0.127))
    (fp_circle (center -24.13 9.5) (end -24.03 9.5) (layer F.Fab) (width 0.2))
    (fp_circle (center -24.13 9.5) (end -24.03 9.5) (layer F.SilkS) (width 0.2))
    (fp_text user Teensy~4.1 (at -0.25 -0.34) (layer F.Fab)
      (effects (font (size 1 1) (thickness 0.15)))
    )
    (pad GND1 thru_hole circle (at -29.21 7.62 180) (size 1.308 1.308) (drill 0.8) (layers *.Cu *.Mask)
      (net 1 GND))
    (pad 0 thru_hole circle (at -26.67 7.62 180) (size 1.308 1.308) (drill 0.8) (layers *.Cu *.Mask)
      (net 70 "Net-(U1-Pad0)"))
    (pad VBAT thru_hole circle (at 16.51 5.08 180) (size 1.308 1.308) (drill 0.8) (layers *.Cu *.Mask)
      (net 71 "Net-(U1-PadVBAT)"))
    (pad 3.3V_3 thru_hole circle (at 16.51 2.54 180) (size 1.308 1.308) (drill 0.8) (layers *.Cu *.Mask)
      (net 6 +3V3))
    (pad GND4 thru_hole circle (at 16.51 0 180) (size 1.308 1.308) (drill 0.8) (layers *.Cu *.Mask)
      (net 1 GND))
    (pad ON/OFF thru_hole circle (at 16.51 -5.08 180) (size 1.308 1.308) (drill 0.8) (layers *.Cu *.Mask)
      (net 72 "Net-(U1-PadON/OFF)"))
    (pad VUSB thru_hole circle (at -26.67 -5.08 180) (size 1.308 1.308) (drill 0.8) (layers *.Cu *.Mask)
      (net 73 "Net-(U1-PadVUSB)"))
    (pad PROGRAM thru_hole circle (at 16.51 -2.54 180) (size 1.308 1.308) (drill 0.8) (layers *.Cu *.Mask)
      (net 74 "Net-(U1-PadPROGRAM)"))
    (pad GND2 thru_hole circle (at 6.35 -7.62 180) (size 1.308 1.308) (drill 0.8) (layers *.Cu *.Mask)
      (net 1 GND))
    (pad R- thru_hole circle (at -14.24 -5.17 180) (size 1.208 1.208) (drill 0.7) (layers *.Cu *.Mask))
    (pad R+ thru_hole circle (at -16.24 -5.17 180) (size 1.208 1.208) (drill 0.7) (layers *.Cu *.Mask)
      (net 75 "Net-(U1-PadR+)"))
    (pad GND5 thru_hole circle (at -14.24 -3.17 180) (size 1.208 1.208) (drill 0.7) (layers *.Cu *.Mask)
      (net 1 GND))
    (pad T+ thru_hole circle (at -14.24 -1.17 180) (size 1.208 1.208) (drill 0.7) (layers *.Cu *.Mask)
      (net 76 "Net-(U1-PadT+)"))
    (pad LED thru_hole circle (at -16.24 -3.17 180) (size 1.208 1.208) (drill 0.7) (layers *.Cu *.Mask)
      (net 77 "Net-(U1-PadLED)"))
    (pad T- thru_hole circle (at -16.24 -1.17 180) (size 1.208 1.208) (drill 0.7) (layers *.Cu *.Mask))
    (pad 5V thru_hole circle (at -22.86 4.57 180) (size 1.258 1.258) (drill 0.75) (layers *.Cu *.Mask)
      (net 78 "Net-(U1-Pad5V)"))
    (pad D- thru_hole circle (at -20.32 4.57 180) (size 1.258 1.258) (drill 0.75) (layers *.Cu *.Mask))
    (pad D+ thru_hole circle (at -17.78 4.57 180) (size 1.258 1.258) (drill 0.75) (layers *.Cu *.Mask)
      (net 79 "Net-(U1-PadD+)"))
    (pad USB_GND1 thru_hole circle (at -15.24 4.57 180) (size 1.258 1.258) (drill 0.75) (layers *.Cu *.Mask)
      (net 1 GND))
    (pad USB_GND2 thru_hole circle (at -12.7 4.57 180) (size 1.258 1.258) (drill 0.75) (layers *.Cu *.Mask)
      (net 1 GND))
    (pad 1 thru_hole circle (at -24.13 7.62 180) (size 1.308 1.308) (drill 0.8) (layers *.Cu *.Mask)
      (net 36 SER_TX_IND))
    (pad 2 thru_hole circle (at -21.59 7.62 180) (size 1.308 1.308) (drill 0.8) (layers *.Cu *.Mask)
      (net 80 "Net-(U1-Pad2)"))
    (pad 3 thru_hole circle (at -19.05 7.62 180) (size 1.308 1.308) (drill 0.8) (layers *.Cu *.Mask)
      (net 81 "Net-(U1-Pad3)"))
    (pad 4 thru_hole circle (at -16.51 7.62 180) (size 1.308 1.308) (drill 0.8) (layers *.Cu *.Mask)
      (net 82 "Net-(U1-Pad4)"))
    (pad 5 thru_hole circle (at -13.97 7.62 180) (size 1.308 1.308) (drill 0.8) (layers *.Cu *.Mask)
      (net 83 "Net-(U1-Pad5)"))
    (pad 6 thru_hole circle (at -11.43 7.62 180) (size 1.308 1.308) (drill 0.8) (layers *.Cu *.Mask)
      (net 84 "Net-(U1-Pad6)"))
    (pad 7 thru_hole circle (at -8.89 7.62 180) (size 1.308 1.308) (drill 0.8) (layers *.Cu *.Mask)
      (net 85 "Net-(U1-Pad7)"))
    (pad 8 thru_hole circle (at -6.35 7.62 180) (size 1.308 1.308) (drill 0.8) (layers *.Cu *.Mask)
      (net 86 "Net-(U1-Pad8)"))
    (pad 9 thru_hole circle (at -3.81 7.62 180) (size 1.308 1.308) (drill 0.8) (layers *.Cu *.Mask)
      (net 87 "Net-(U1-Pad9)"))
    (pad 10 thru_hole circle (at -1.27 7.62 180) (size 1.308 1.308) (drill 0.8) (layers *.Cu *.Mask)
      (net 88 "Net-(U1-Pad10)"))
    (pad 11 thru_hole circle (at 1.27 7.62 180) (size 1.308 1.308) (drill 0.8) (layers *.Cu *.Mask)
      (net 89 "Net-(U1-Pad11)"))
    (pad 12 thru_hole circle (at 3.81 7.62 180) (size 1.308 1.308) (drill 0.8) (layers *.Cu *.Mask)
      (net 90 "Net-(U1-Pad12)"))
    (pad 3.3V_1 thru_hole circle (at 6.35 7.62 180) (size 1.308 1.308) (drill 0.8) (layers *.Cu *.Mask)
      (net 6 +3V3))
    (pad 13 thru_hole circle (at 3.81 -7.62 180) (size 1.308 1.308) (drill 0.8) (layers *.Cu *.Mask)
      (net 91 "Net-(U1-Pad13)"))
    (pad 14 thru_hole circle (at 1.27 -7.62 180) (size 1.308 1.308) (drill 0.8) (layers *.Cu *.Mask)
      (net 92 "Net-(U1-Pad14)"))
    (pad 15 thru_hole circle (at -1.27 -7.62 180) (size 1.308 1.308) (drill 0.8) (layers *.Cu *.Mask)
      (net 34 CELL_1_GND_SENSE))
    (pad 16 thru_hole circle (at -3.81 -7.62 180) (size 1.308 1.308) (drill 0.8) (layers *.Cu *.Mask)
      (net 33 CELL_2_1_SENSE))
    (pad 17 thru_hole circle (at -6.35 -7.62 180) (size 1.308 1.308) (drill 0.8) (layers *.Cu *.Mask)
      (net 32 CELL_3_2_SENSE))
    (pad 18 thru_hole circle (at -8.89 -7.62 180) (size 1.308 1.308) (drill 0.8) (layers *.Cu *.Mask)
      (net 31 CELL_4_3_SENSE))
    (pad 19 thru_hole circle (at -11.43 -7.62 180) (size 1.308 1.308) (drill 0.8) (layers *.Cu *.Mask)
      (net 30 CELL_5_4_SENSE))
    (pad 20 thru_hole circle (at -13.97 -7.62 180) (size 1.308 1.308) (drill 0.8) (layers *.Cu *.Mask)
      (net 29 CELL_6_5_SENSE))
    (pad 21 thru_hole circle (at -16.51 -7.62 180) (size 1.308 1.308) (drill 0.8) (layers *.Cu *.Mask)
      (net 28 CELL_7_6_SENSE))
    (pad 22 thru_hole circle (at -19.05 -7.62 180) (size 1.308 1.308) (drill 0.8) (layers *.Cu *.Mask)
      (net 27 CELL_8_7_SENSE))
    (pad 23 thru_hole circle (at -21.59 -7.62 180) (size 1.308 1.308) (drill 0.8) (layers *.Cu *.Mask)
      (net 93 "Net-(U1-Pad23)"))
    (pad 3.3V_2 thru_hole circle (at -24.13 -7.62 180) (size 1.308 1.308) (drill 0.8) (layers *.Cu *.Mask)
      (net 6 +3V3))
    (pad GND3 thru_hole circle (at -26.67 -7.62 180) (size 1.308 1.308) (drill 0.8) (layers *.Cu *.Mask)
      (net 1 GND))
    (pad VIN thru_hole circle (at -29.21 -7.62 180) (size 1.308 1.308) (drill 0.8) (layers *.Cu *.Mask)
      (net 94 "Net-(U1-PadVIN)"))
    (pad 24 thru_hole circle (at 8.89 7.62 180) (size 1.308 1.308) (drill 0.8) (layers *.Cu *.Mask)
      (net 19 V_OUT_SENSE))
    (pad 25 thru_hole circle (at 11.43 7.62 180) (size 1.308 1.308) (drill 0.8) (layers *.Cu *.Mask)
      (net 95 "Net-(U1-Pad25)"))
    (pad 26 thru_hole circle (at 13.97 7.62 180) (size 1.308 1.308) (drill 0.8) (layers *.Cu *.Mask)
      (net 35 TEMP_D_OUT))
    (pad 27 thru_hole circle (at 16.51 7.62 180) (size 1.308 1.308) (drill 0.8) (layers *.Cu *.Mask)
      (net 21 SW_IND))
    (pad 28 thru_hole circle (at 19.05 7.62 180) (size 1.308 1.308) (drill 0.8) (layers *.Cu *.Mask)
      (net 96 "Net-(U1-Pad28)"))
    (pad 29 thru_hole circle (at 21.59 7.62 180) (size 1.308 1.308) (drill 0.8) (layers *.Cu *.Mask)
      (net 97 "Net-(U1-Pad29)"))
    (pad 30 thru_hole circle (at 24.13 7.62 180) (size 1.308 1.308) (drill 0.8) (layers *.Cu *.Mask)
      (net 98 "Net-(U1-Pad30)"))
    (pad 31 thru_hole circle (at 26.67 7.62 180) (size 1.308 1.308) (drill 0.8) (layers *.Cu *.Mask)
      (net 99 "Net-(U1-Pad31)"))
    (pad 32 thru_hole circle (at 29.21 7.62 180) (size 1.308 1.308) (drill 0.8) (layers *.Cu *.Mask)
      (net 100 "Net-(U1-Pad32)"))
    (pad 33 thru_hole circle (at 29.21 -7.62 180) (size 1.308 1.308) (drill 0.8) (layers *.Cu *.Mask)
      (net 101 "Net-(U1-Pad33)"))
    (pad 34 thru_hole circle (at 26.67 -7.62 180) (size 1.308 1.308) (drill 0.8) (layers *.Cu *.Mask)
      (net 102 "Net-(U1-Pad34)"))
    (pad 35 thru_hole circle (at 24.13 -7.62 180) (size 1.308 1.308) (drill 0.8) (layers *.Cu *.Mask)
      (net 103 "Net-(U1-Pad35)"))
    (pad 36 thru_hole circle (at 21.59 -7.62 180) (size 1.308 1.308) (drill 0.8) (layers *.Cu *.Mask)
      (net 38 PACK_GATE))
    (pad 37 thru_hole circle (at 19.05 -7.62 180) (size 1.308 1.308) (drill 0.8) (layers *.Cu *.Mask)
      (net 40 BUZZER))
    (pad 38 thru_hole circle (at 16.51 -7.62 180) (size 1.308 1.308) (drill 0.8) (layers *.Cu *.Mask)
      (net 23 SW_ERR))
    (pad 39 thru_hole circle (at 13.97 -7.62 180) (size 1.308 1.308) (drill 0.8) (layers *.Cu *.Mask)
      (net 17 FAN_CTL))
    (pad 40 thru_hole circle (at 11.43 -7.62 180) (size 1.308 1.308) (drill 0.8) (layers *.Cu *.Mask)
      (net 104 "Net-(U1-Pad40)"))
    (pad 41 thru_hole circle (at 8.89 -7.62 180) (size 1.308 1.308) (drill 0.8) (layers *.Cu *.Mask)
      (net 60 PACK_I_SENSE))
    (model "${MRDT_KICAD_LIBRARIES}/3D Files/MRDT_Shields/DEV-16771.step"
      (at (xyz 0 0 0))
      (scale (xyz 1 1 1))
      (rotate (xyz 0 0 0))
    )
  )

  (module MRDT_Drill_Holes:4_40_Hole_Corner (layer "F(Vin).Cu") (tedit 5E263EC4) (tstamp 6216F62A)
    (at -113.21288 -183.84012 180)
    (fp_text reference REF** (at 4.00812 -3.50812) (layer F.SilkS) hide
      (effects (font (size 1 1) (thickness 0.15)))
    )
    (fp_text value 4_40_Hole (at 4.00812 -4.50812) (layer F.Fab) hide
      (effects (font (size 1 1) (thickness 0.15)))
    )
    (fp_line (start 0 0) (end 8.0264 0) (layer F.Fab) (width 0.15))
    (fp_line (start 0 -8.0264) (end 0 0) (layer F.Fab) (width 0.15))
    (fp_line (start 4.0132 -8.0264) (end 0 -8.0264) (layer F.Fab) (width 0.15))
    (fp_line (start 8.0264 -4.0132) (end 8.0264 0) (layer F.Fab) (width 0.15))
    (fp_circle (center 4.00812 -4.00812) (end 4.00812 0.00508) (layer F.SilkS) (width 0.15))
    (fp_arc (start 4.0132 -4.0132) (end 4.0132 -8.0264) (angle 90) (layer F.Fab) (width 0.15))
    (pad "" np_thru_hole circle (at 4.00812 -4.00812 180) (size 2.9464 2.9464) (drill 2.9464) (layers *.Cu *.Mask)
      (clearance 2.5))
  )

  (module MRDT_Drill_Holes:4_40_Hole_Corner (layer "F(Vin).Cu") (tedit 5E263EC4) (tstamp 6216F568)
    (at -14.986 -183.896 270)
    (fp_text reference REF** (at 4.00812 -3.50812 90) (layer F.SilkS) hide
      (effects (font (size 1 1) (thickness 0.15)))
    )
    (fp_text value 4_40_Hole (at 4.00812 -4.50812 90) (layer F.Fab) hide
      (effects (font (size 1 1) (thickness 0.15)))
    )
    (fp_line (start 0 0) (end 8.0264 0) (layer F.Fab) (width 0.15))
    (fp_line (start 0 -8.0264) (end 0 0) (layer F.Fab) (width 0.15))
    (fp_line (start 4.0132 -8.0264) (end 0 -8.0264) (layer F.Fab) (width 0.15))
    (fp_line (start 8.0264 -4.0132) (end 8.0264 0) (layer F.Fab) (width 0.15))
    (fp_circle (center 4.00812 -4.00812) (end 4.00812 0.00508) (layer F.SilkS) (width 0.15))
    (fp_arc (start 4.0132 -4.0132) (end 4.0132 -8.0264) (angle 90) (layer F.Fab) (width 0.15))
    (pad "" np_thru_hole circle (at 4.00812 -4.00812 270) (size 2.9464 2.9464) (drill 2.9464) (layers *.Cu *.Mask)
      (clearance 2.5))
  )

  (module MRDT_Connectors:MOLEX_uF_S_09_Vertical (layer "F(Vin).Cu") (tedit 6190442B) (tstamp 6214DA02)
    (at -46.99 -189.738)
    (path /62B0DD4A)
    (fp_text reference Conn2 (at 11.999996 5.08 180) (layer F.SilkS)
      (effects (font (size 1 1) (thickness 0.15)))
    )
    (fp_text value Molex_uF_S_09 (at 11.999996 -5.08 180) (layer F.SilkS)
      (effects (font (size 1 1) (thickness 0.15)))
    )
    (fp_line (start -3.56901 0) (end -5.09301 0.635) (layer F.Fab) (width 0.1))
    (fp_line (start -5.09301 0.635) (end -5.09301 -0.635) (layer F.Fab) (width 0.1))
    (fp_line (start -5.09301 -0.635) (end -3.56901 0) (layer F.Fab) (width 0.1))
    (fp_line (start -3.56901 0) (end -5.09301 0.635) (layer F.SilkS) (width 0.12))
    (fp_line (start -5.09301 0.635) (end -5.09301 -0.635) (layer F.SilkS) (width 0.12))
    (fp_line (start -5.09301 -0.635) (end -3.56901 0) (layer F.SilkS) (width 0.12))
    (fp_line (start 27.315002 3.099999) (end 27.315002 -1.061116) (layer F.SilkS) (width 0.12))
    (fp_line (start 26.195479 -2.47) (end -2.195539 -2.47) (layer F.SilkS) (width 0.12))
    (fp_line (start -3.31501 -1.061098) (end -3.31501 3.099999) (layer F.SilkS) (width 0.12))
    (fp_line (start -3.31501 3.099999) (end 27.315002 3.099999) (layer F.SilkS) (width 0.12))
    (fp_line (start 27.315009 -2.47) (end -3.31501 -2.47) (layer F.Fab) (width 0.1))
    (fp_line (start -3.31501 -2.47) (end -3.31501 3.099999) (layer F.Fab) (width 0.1))
    (fp_line (start -3.31501 3.099999) (end 27.315009 3.099999) (layer F.Fab) (width 0.1))
    (fp_line (start 27.315009 3.099999) (end 27.315009 -2.47) (layer F.Fab) (width 0.1))
    (fp_line (start 28.585009 4.369999) (end 28.585009 -3.74) (layer F.CrtYd) (width 0.05))
    (fp_line (start 28.585009 -3.74) (end -4.58501 -3.74) (layer F.CrtYd) (width 0.05))
    (fp_line (start -4.58501 -3.74) (end -4.58501 4.369999) (layer F.CrtYd) (width 0.05))
    (fp_line (start -4.58501 4.369999) (end 28.585009 4.369999) (layer F.CrtYd) (width 0.05))
    (fp_text user "Copyright 2021 Accelerated Designs. All rights reserved." (at 0 0 180) (layer Cmts.User)
      (effects (font (size 0.127 0.127) (thickness 0.002)))
    )
    (fp_text user * (at 0 0 180) (layer F.SilkS)
      (effects (font (size 1 1) (thickness 0.15)))
    )
    (fp_text user * (at 0 0 180) (layer F.Fab)
      (effects (font (size 1 1) (thickness 0.15)))
    )
    (pad 1 thru_hole rect (at 0 0 180) (size 1.52 1.52) (drill 1.02) (layers *.Cu *.Mask)
      (net 9 CELL_1))
    (pad 2 thru_hole circle (at 2.999999 0 180) (size 1.52 1.52) (drill 1.02) (layers *.Cu *.Mask)
      (net 10 CELL_2))
    (pad 3 thru_hole circle (at 5.999998 0 180) (size 1.52 1.52) (drill 1.02) (layers *.Cu *.Mask)
      (net 11 CELL_3))
    (pad 4 thru_hole circle (at 8.999997 0 180) (size 1.52 1.52) (drill 1.02) (layers *.Cu *.Mask)
      (net 12 CELL_4))
    (pad 5 thru_hole circle (at 11.999996 0 180) (size 1.52 1.52) (drill 1.02) (layers *.Cu *.Mask)
      (net 13 CELL_5))
    (pad 6 thru_hole circle (at 14.999995 0 180) (size 1.52 1.52) (drill 1.02) (layers *.Cu *.Mask)
      (net 14 CELL_6))
    (pad 7 thru_hole circle (at 17.999994 0 180) (size 1.52 1.52) (drill 1.02) (layers *.Cu *.Mask)
      (net 15 CELL_7))
    (pad 8 thru_hole circle (at 20.999994 0 180) (size 1.52 1.52) (drill 1.02) (layers *.Cu *.Mask)
      (net 16 CELL_8))
    (pad 9 thru_hole circle (at 23.999993 0 180) (size 1.52 1.52) (drill 1.02) (layers *.Cu *.Mask)
      (net 1 GND))
    (pad M1 np_thru_hole circle (at -2.999999 -1.96 180) (size 1.27 1.27) (drill 1.27) (layers *.Cu *.Mask))
    (pad M2 np_thru_hole circle (at 26.99994 -1.96 180) (size 1.27 1.27) (drill 1.27) (layers *.Cu *.Mask))
  )

  (module Resistor_SMD:R_0603_1608Metric_Pad0.98x0.95mm_HandSolder (layer "F(Vin).Cu") (tedit 5F68FEEE) (tstamp 6216319D)
    (at -38.481 -196.8265 270)
    (descr "Resistor SMD 0603 (1608 Metric), square (rectangular) end terminal, IPC_7351 nominal with elongated pad for handsoldering. (Body size source: IPC-SM-782 page 72, https://www.pcb-3d.com/wordpress/wp-content/uploads/ipc-sm-782a_amendment_1_and_2.pdf), generated with kicad-footprint-generator")
    (tags "resistor handsolder")
    (path /620B7AF0)
    (attr smd)
    (fp_text reference R30 (at 0 -1.43 90) (layer F.SilkS)
      (effects (font (size 1 1) (thickness 0.15)))
    )
    (fp_text value 40k (at 0 1.43 90) (layer F.Fab)
      (effects (font (size 1 1) (thickness 0.15)))
    )
    (fp_line (start 1.65 0.73) (end -1.65 0.73) (layer F.CrtYd) (width 0.05))
    (fp_line (start 1.65 -0.73) (end 1.65 0.73) (layer F.CrtYd) (width 0.05))
    (fp_line (start -1.65 -0.73) (end 1.65 -0.73) (layer F.CrtYd) (width 0.05))
    (fp_line (start -1.65 0.73) (end -1.65 -0.73) (layer F.CrtYd) (width 0.05))
    (fp_line (start -0.254724 0.5225) (end 0.254724 0.5225) (layer F.SilkS) (width 0.12))
    (fp_line (start -0.254724 -0.5225) (end 0.254724 -0.5225) (layer F.SilkS) (width 0.12))
    (fp_line (start 0.8 0.4125) (end -0.8 0.4125) (layer F.Fab) (width 0.1))
    (fp_line (start 0.8 -0.4125) (end 0.8 0.4125) (layer F.Fab) (width 0.1))
    (fp_line (start -0.8 -0.4125) (end 0.8 -0.4125) (layer F.Fab) (width 0.1))
    (fp_line (start -0.8 0.4125) (end -0.8 -0.4125) (layer F.Fab) (width 0.1))
    (fp_text user %R (at 0 0 90) (layer F.Fab)
      (effects (font (size 0.4 0.4) (thickness 0.06)))
    )
    (pad 2 smd roundrect (at 0.9125 0 270) (size 0.975 0.95) (layers "F(Vin).Cu" F.Paste F.Mask) (roundrect_rratio 0.25)
      (net 13 CELL_5))
    (pad 1 smd roundrect (at -0.9125 0 270) (size 0.975 0.95) (layers "F(Vin).Cu" F.Paste F.Mask) (roundrect_rratio 0.25)
      (net 50 "Net-(R29-Pad2)"))
    (model ${KICAD6_3DMODEL_DIR}/Resistor_SMD.3dshapes/R_0603_1608Metric.wrl
      (at (xyz 0 0 0))
      (scale (xyz 1 1 1))
      (rotate (xyz 0 0 0))
    )
  )

  (module Resistor_SMD:R_0603_1608Metric_Pad0.98x0.95mm_HandSolder (layer "F(Vin).Cu") (tedit 5F68FEEE) (tstamp 62163362)
    (at -24.1535 -204.597)
    (descr "Resistor SMD 0603 (1608 Metric), square (rectangular) end terminal, IPC_7351 nominal with elongated pad for handsoldering. (Body size source: IPC-SM-782 page 72, https://www.pcb-3d.com/wordpress/wp-content/uploads/ipc-sm-782a_amendment_1_and_2.pdf), generated with kicad-footprint-generator")
    (tags "resistor handsolder")
    (path /6211C49A)
    (attr smd)
    (fp_text reference R21 (at 0.2305 1.397) (layer F.SilkS)
      (effects (font (size 1 1) (thickness 0.15)))
    )
    (fp_text value 31.5k (at 0 1.43) (layer F.Fab)
      (effects (font (size 1 1) (thickness 0.15)))
    )
    (fp_line (start -0.8 0.4125) (end -0.8 -0.4125) (layer F.Fab) (width 0.1))
    (fp_line (start -0.8 -0.4125) (end 0.8 -0.4125) (layer F.Fab) (width 0.1))
    (fp_line (start 0.8 -0.4125) (end 0.8 0.4125) (layer F.Fab) (width 0.1))
    (fp_line (start 0.8 0.4125) (end -0.8 0.4125) (layer F.Fab) (width 0.1))
    (fp_line (start -0.254724 -0.5225) (end 0.254724 -0.5225) (layer F.SilkS) (width 0.12))
    (fp_line (start -0.254724 0.5225) (end 0.254724 0.5225) (layer F.SilkS) (width 0.12))
    (fp_line (start -1.65 0.73) (end -1.65 -0.73) (layer F.CrtYd) (width 0.05))
    (fp_line (start -1.65 -0.73) (end 1.65 -0.73) (layer F.CrtYd) (width 0.05))
    (fp_line (start 1.65 -0.73) (end 1.65 0.73) (layer F.CrtYd) (width 0.05))
    (fp_line (start 1.65 0.73) (end -1.65 0.73) (layer F.CrtYd) (width 0.05))
    (fp_text user %R (at 0 0) (layer F.Fab)
      (effects (font (size 0.4 0.4) (thickness 0.06)))
    )
    (pad 1 smd roundrect (at -0.9125 0) (size 0.975 0.95) (layers "F(Vin).Cu" F.Paste F.Mask) (roundrect_rratio 0.25)
      (net 1 GND))
    (pad 2 smd roundrect (at 0.9125 0) (size 0.975 0.95) (layers "F(Vin).Cu" F.Paste F.Mask) (roundrect_rratio 0.25)
      (net 46 "Net-(R21-Pad2)"))
    (model ${KICAD6_3DMODEL_DIR}/Resistor_SMD.3dshapes/R_0603_1608Metric.wrl
      (at (xyz 0 0 0))
      (scale (xyz 1 1 1))
      (rotate (xyz 0 0 0))
    )
  )

  (module Resistor_SMD:R_0603_1608Metric_Pad0.98x0.95mm_HandSolder (layer "F(Vin).Cu") (tedit 5F68FEEE) (tstamp 62163422)
    (at -28.067 -205.3355 270)
    (descr "Resistor SMD 0603 (1608 Metric), square (rectangular) end terminal, IPC_7351 nominal with elongated pad for handsoldering. (Body size source: IPC-SM-782 page 72, https://www.pcb-3d.com/wordpress/wp-content/uploads/ipc-sm-782a_amendment_1_and_2.pdf), generated with kicad-footprint-generator")
    (tags "resistor handsolder")
    (path /620B7B4B)
    (attr smd)
    (fp_text reference R26 (at 0 -1.43 90) (layer F.SilkS)
      (effects (font (size 1 1) (thickness 0.15)))
    )
    (fp_text value 40k (at 0 1.43 90) (layer F.Fab)
      (effects (font (size 1 1) (thickness 0.15)))
    )
    (fp_line (start 1.65 0.73) (end -1.65 0.73) (layer F.CrtYd) (width 0.05))
    (fp_line (start 1.65 -0.73) (end 1.65 0.73) (layer F.CrtYd) (width 0.05))
    (fp_line (start -1.65 -0.73) (end 1.65 -0.73) (layer F.CrtYd) (width 0.05))
    (fp_line (start -1.65 0.73) (end -1.65 -0.73) (layer F.CrtYd) (width 0.05))
    (fp_line (start -0.254724 0.5225) (end 0.254724 0.5225) (layer F.SilkS) (width 0.12))
    (fp_line (start -0.254724 -0.5225) (end 0.254724 -0.5225) (layer F.SilkS) (width 0.12))
    (fp_line (start 0.8 0.4125) (end -0.8 0.4125) (layer F.Fab) (width 0.1))
    (fp_line (start 0.8 -0.4125) (end 0.8 0.4125) (layer F.Fab) (width 0.1))
    (fp_line (start -0.8 -0.4125) (end 0.8 -0.4125) (layer F.Fab) (width 0.1))
    (fp_line (start -0.8 0.4125) (end -0.8 -0.4125) (layer F.Fab) (width 0.1))
    (fp_text user %R (at 0 0 90) (layer F.Fab)
      (effects (font (size 0.4 0.4) (thickness 0.06)))
    )
    (pad 2 smd roundrect (at 0.9125 0 270) (size 0.975 0.95) (layers "F(Vin).Cu" F.Paste F.Mask) (roundrect_rratio 0.25)
      (net 14 CELL_6))
    (pad 1 smd roundrect (at -0.9125 0 270) (size 0.975 0.95) (layers "F(Vin).Cu" F.Paste F.Mask) (roundrect_rratio 0.25)
      (net 48 "Net-(R25-Pad2)"))
    (model ${KICAD6_3DMODEL_DIR}/Resistor_SMD.3dshapes/R_0603_1608Metric.wrl
      (at (xyz 0 0 0))
      (scale (xyz 1 1 1))
      (rotate (xyz 0 0 0))
    )
  )

  (module Resistor_SMD:R_0603_1608Metric_Pad0.98x0.95mm_HandSolder (layer "F(Vin).Cu") (tedit 5F68FEEE) (tstamp 621634CD)
    (at -26.289 -197.8895 270)
    (descr "Resistor SMD 0603 (1608 Metric), square (rectangular) end terminal, IPC_7351 nominal with elongated pad for handsoldering. (Body size source: IPC-SM-782 page 72, https://www.pcb-3d.com/wordpress/wp-content/uploads/ipc-sm-782a_amendment_1_and_2.pdf), generated with kicad-footprint-generator")
    (tags "resistor handsolder")
    (path /6211C48E)
    (attr smd)
    (fp_text reference R23 (at 0 -1.43 90) (layer F.SilkS)
      (effects (font (size 1 1) (thickness 0.15)))
    )
    (fp_text value 40k (at 0 1.43 90) (layer F.Fab)
      (effects (font (size 1 1) (thickness 0.15)))
    )
    (fp_line (start -0.8 0.4125) (end -0.8 -0.4125) (layer F.Fab) (width 0.1))
    (fp_line (start -0.8 -0.4125) (end 0.8 -0.4125) (layer F.Fab) (width 0.1))
    (fp_line (start 0.8 -0.4125) (end 0.8 0.4125) (layer F.Fab) (width 0.1))
    (fp_line (start 0.8 0.4125) (end -0.8 0.4125) (layer F.Fab) (width 0.1))
    (fp_line (start -0.254724 -0.5225) (end 0.254724 -0.5225) (layer F.SilkS) (width 0.12))
    (fp_line (start -0.254724 0.5225) (end 0.254724 0.5225) (layer F.SilkS) (width 0.12))
    (fp_line (start -1.65 0.73) (end -1.65 -0.73) (layer F.CrtYd) (width 0.05))
    (fp_line (start -1.65 -0.73) (end 1.65 -0.73) (layer F.CrtYd) (width 0.05))
    (fp_line (start 1.65 -0.73) (end 1.65 0.73) (layer F.CrtYd) (width 0.05))
    (fp_line (start 1.65 0.73) (end -1.65 0.73) (layer F.CrtYd) (width 0.05))
    (fp_text user %R (at 0 0 90) (layer F.Fab)
      (effects (font (size 0.4 0.4) (thickness 0.06)))
    )
    (pad 1 smd roundrect (at -0.9125 0 270) (size 0.975 0.95) (layers "F(Vin).Cu" F.Paste F.Mask) (roundrect_rratio 0.25)
      (net 47 "Net-(R23-Pad1)"))
    (pad 2 smd roundrect (at 0.9125 0 270) (size 0.975 0.95) (layers "F(Vin).Cu" F.Paste F.Mask) (roundrect_rratio 0.25)
      (net 14 CELL_6))
    (model ${KICAD6_3DMODEL_DIR}/Resistor_SMD.3dshapes/R_0603_1608Metric.wrl
      (at (xyz 0 0 0))
      (scale (xyz 1 1 1))
      (rotate (xyz 0 0 0))
    )
  )

  (module Resistor_SMD:R_0603_1608Metric_Pad0.98x0.95mm_HandSolder (layer "F(Vin).Cu") (tedit 5F68FEEE) (tstamp 62163218)
    (at -54.737 -195.4765 270)
    (descr "Resistor SMD 0603 (1608 Metric), square (rectangular) end terminal, IPC_7351 nominal with elongated pad for handsoldering. (Body size source: IPC-SM-782 page 72, https://www.pcb-3d.com/wordpress/wp-content/uploads/ipc-sm-782a_amendment_1_and_2.pdf), generated with kicad-footprint-generator")
    (tags "resistor handsolder")
    (path /6206AF72)
    (attr smd)
    (fp_text reference R35 (at 0 -1.43 90) (layer F.SilkS)
      (effects (font (size 1 1) (thickness 0.15)))
    )
    (fp_text value 40k (at 0 1.43 90) (layer F.Fab)
      (effects (font (size 1 1) (thickness 0.15)))
    )
    (fp_line (start -0.8 0.4125) (end -0.8 -0.4125) (layer F.Fab) (width 0.1))
    (fp_line (start -0.8 -0.4125) (end 0.8 -0.4125) (layer F.Fab) (width 0.1))
    (fp_line (start 0.8 -0.4125) (end 0.8 0.4125) (layer F.Fab) (width 0.1))
    (fp_line (start 0.8 0.4125) (end -0.8 0.4125) (layer F.Fab) (width 0.1))
    (fp_line (start -0.254724 -0.5225) (end 0.254724 -0.5225) (layer F.SilkS) (width 0.12))
    (fp_line (start -0.254724 0.5225) (end 0.254724 0.5225) (layer F.SilkS) (width 0.12))
    (fp_line (start -1.65 0.73) (end -1.65 -0.73) (layer F.CrtYd) (width 0.05))
    (fp_line (start -1.65 -0.73) (end 1.65 -0.73) (layer F.CrtYd) (width 0.05))
    (fp_line (start 1.65 -0.73) (end 1.65 0.73) (layer F.CrtYd) (width 0.05))
    (fp_line (start 1.65 0.73) (end -1.65 0.73) (layer F.CrtYd) (width 0.05))
    (fp_text user %R (at 0 0 90) (layer F.Fab)
      (effects (font (size 0.4 0.4) (thickness 0.06)))
    )
    (pad 1 smd roundrect (at -0.9125 0 270) (size 0.975 0.95) (layers "F(Vin).Cu" F.Paste F.Mask) (roundrect_rratio 0.25)
      (net 53 "Net-(R35-Pad1)"))
    (pad 2 smd roundrect (at 0.9125 0 270) (size 0.975 0.95) (layers "F(Vin).Cu" F.Paste F.Mask) (roundrect_rratio 0.25)
      (net 11 CELL_3))
    (model ${KICAD6_3DMODEL_DIR}/Resistor_SMD.3dshapes/R_0603_1608Metric.wrl
      (at (xyz 0 0 0))
      (scale (xyz 1 1 1))
      (rotate (xyz 0 0 0))
    )
  )

  (module Resistor_SMD:R_0603_1608Metric_Pad0.98x0.95mm_HandSolder (layer "F(Vin).Cu") (tedit 5F68FEEE) (tstamp 621632A8)
    (at -47.117 -205.1285 270)
    (descr "Resistor SMD 0603 (1608 Metric), square (rectangular) end terminal, IPC_7351 nominal with elongated pad for handsoldering. (Body size source: IPC-SM-782 page 72, https://www.pcb-3d.com/wordpress/wp-content/uploads/ipc-sm-782a_amendment_1_and_2.pdf), generated with kicad-footprint-generator")
    (tags "resistor handsolder")
    (path /6206AF78)
    (attr smd)
    (fp_text reference R34 (at 0 -1.43 90) (layer F.SilkS)
      (effects (font (size 1 1) (thickness 0.15)))
    )
    (fp_text value 40k (at 0 1.43 90) (layer F.Fab)
      (effects (font (size 1 1) (thickness 0.15)))
    )
    (fp_line (start 1.65 0.73) (end -1.65 0.73) (layer F.CrtYd) (width 0.05))
    (fp_line (start 1.65 -0.73) (end 1.65 0.73) (layer F.CrtYd) (width 0.05))
    (fp_line (start -1.65 -0.73) (end 1.65 -0.73) (layer F.CrtYd) (width 0.05))
    (fp_line (start -1.65 0.73) (end -1.65 -0.73) (layer F.CrtYd) (width 0.05))
    (fp_line (start -0.254724 0.5225) (end 0.254724 0.5225) (layer F.SilkS) (width 0.12))
    (fp_line (start -0.254724 -0.5225) (end 0.254724 -0.5225) (layer F.SilkS) (width 0.12))
    (fp_line (start 0.8 0.4125) (end -0.8 0.4125) (layer F.Fab) (width 0.1))
    (fp_line (start 0.8 -0.4125) (end 0.8 0.4125) (layer F.Fab) (width 0.1))
    (fp_line (start -0.8 -0.4125) (end 0.8 -0.4125) (layer F.Fab) (width 0.1))
    (fp_line (start -0.8 0.4125) (end -0.8 -0.4125) (layer F.Fab) (width 0.1))
    (fp_text user %R (at 0 0 90) (layer F.Fab)
      (effects (font (size 0.4 0.4) (thickness 0.06)))
    )
    (pad 2 smd roundrect (at 0.9125 0 270) (size 0.975 0.95) (layers "F(Vin).Cu" F.Paste F.Mask) (roundrect_rratio 0.25)
      (net 12 CELL_4))
    (pad 1 smd roundrect (at -0.9125 0 270) (size 0.975 0.95) (layers "F(Vin).Cu" F.Paste F.Mask) (roundrect_rratio 0.25)
