(kicad_pcb (version 20171130) (host pcbnew "(5.1.10)-1")

  (general
    (thickness 1.6)
    (drawings 22)
    (tracks 199)
    (zones 0)
    (modules 102)
    (nets 64)
  )

  (page A4)
  (layers
    (0 "F(Vin).Cu" power)
    (31 B.Cu power)
    (32 B.Adhes user)
    (33 F.Adhes user)
    (34 B.Paste user)
    (35 F.Paste user)
    (36 B.SilkS user)
    (37 F.SilkS user)
    (38 B.Mask user)
    (39 F.Mask user)
    (40 Dwgs.User user)
    (41 Cmts.User user)
    (42 Eco1.User user)
    (43 Eco2.User user)
    (44 Edge.Cuts user)
    (45 Margin user)
    (46 B.CrtYd user)
    (47 F.CrtYd user)
    (48 B.Fab user)
    (49 F.Fab user)
  )

  (setup
    (last_trace_width 0.25)
    (user_trace_width 0.254)
    (user_trace_width 0.381)
    (user_trace_width 0.762)
    (user_trace_width 3.175)
    (trace_clearance 0.2)
    (zone_clearance 0.254)
    (zone_45_only no)
    (trace_min 0.2)
    (via_size 0.8)
    (via_drill 0.4)
    (via_min_size 0.4)
    (via_min_drill 0.3)
    (uvia_size 0.3)
    (uvia_drill 0.1)
    (uvias_allowed no)
    (uvia_min_size 0.2)
    (uvia_min_drill 0.1)
    (edge_width 0.1)
    (segment_width 0.2)
    (pcb_text_width 0.3)
    (pcb_text_size 1.5 1.5)
    (mod_edge_width 0.15)
    (mod_text_size 1 1)
    (mod_text_width 0.15)
    (pad_size 2 2)
    (pad_drill 1.6)
    (pad_to_mask_clearance 0)
    (aux_axis_origin 0 0)
    (visible_elements 7FFFF7FF)
    (pcbplotparams
      (layerselection 0x010fc_ffffffff)
      (usegerberextensions false)
      (usegerberattributes true)
      (usegerberadvancedattributes true)
      (creategerberjobfile true)
      (excludeedgelayer true)
      (linewidth 0.100000)
      (plotframeref false)
      (viasonmask false)
      (mode 1)
      (useauxorigin false)
      (hpglpennumber 1)
      (hpglpenspeed 20)
      (hpglpendiameter 15.000000)
      (psnegative false)
      (psa4output false)
      (plotreference true)
      (plotvalue true)
      (plotinvisibletext false)
      (padsonsilk false)
      (subtractmaskfromsilk false)
      (outputformat 1)
      (mirror false)
      (drillshape 0)
      (scaleselection 1)
      (outputdirectory "Gerbs/"))
  )

  (net 0 "")
  (net 1 GND)
  (net 2 +5V)
  (net 3 "Net-(BZ1-Pad1)")
  (net 4 PACK_V)
  (net 5 "Net-(C2-Pad1)")
  (net 6 +3V3)
  (net 7 "Net-(C8-Pad2)")
  (net 8 "Net-(Conn1-Pad1)")
  (net 9 CELL_1)
  (net 10 CELL_2)
  (net 11 CELL_3)
  (net 12 CELL_4)
  (net 13 CELL_5)
  (net 14 CELL_6)
  (net 15 CELL_7)
  (net 16 CELL_8)
  (net 17 FAN_CTL)
  (net 18 "Net-(D2-Pad1)")
  (net 19 V_OUT_SENSE)
  (net 20 "Net-(D4-Pad1)")
  (net 21 SW_IND)
  (net 22 "Net-(D5-Pad1)")
  (net 23 SW_ERR)
  (net 24 "Net-(D6-Pad1)")
  (net 25 V_OUT)
  (net 26 "Net-(D7-Pad1)")
  (net 27 CELL_8_7_SENSE)
  (net 28 CELL_7_6_SENSE)
  (net 29 CELL_6_5_SENSE)
  (net 30 CELL_5_4_SENSE)
  (net 31 CELL_4_3_SENSE)
  (net 32 CELL_3_2_SENSE)
  (net 33 CELL_2_1_SENSE)
  (net 34 CELL_1_GND_SENSE)
  (net 35 TEMP_D_OUT)
  (net 36 SER_TX_IND)
  (net 37 "Net-(J3-Pad3)")
  (net 38 PACK_GATE)
  (net 39 "Net-(J3-Pad1)")
  (net 40 BUZZER)
  (net 41 "Net-(Q3-Pad2)")
  (net 42 E_STOP_GATE)
  (net 43 "Net-(R11-Pad2)")
  (net 44 "Net-(R17-Pad2)")
  (net 45 "Net-(R19-Pad1)")
  (net 46 "Net-(R21-Pad2)")
  (net 47 "Net-(R23-Pad1)")
  (net 48 "Net-(R25-Pad2)")
  (net 49 "Net-(R27-Pad1)")
  (net 50 "Net-(R29-Pad2)")
  (net 51 "Net-(R31-Pad1)")
  (net 52 "Net-(R33-Pad2)")
  (net 53 "Net-(R35-Pad1)")
  (net 54 "Net-(R37-Pad2)")
  (net 55 "Net-(R39-Pad1)")
  (net 56 "Net-(R41-Pad2)")
  (net 57 "Net-(R43-Pad1)")
  (net 58 "Net-(R45-Pad2)")
  (net 59 "Net-(R47-Pad1)")
  (net 60 PACK_I_SENSE)
  (net 61 "Net-(Conn5-Pad2)")
  (net 62 "Net-(F1-Pad1)")
  (net 63 "Net-(Conn4-Pad4)")

  (net_class Default "This is the default net class."
    (clearance 0.2)
    (trace_width 0.25)
    (via_dia 0.8)
    (via_drill 0.4)
    (uvia_dia 0.3)
    (uvia_drill 0.1)
    (add_net +3V3)
    (add_net +5V)
    (add_net BUZZER)
    (add_net CELL_1)
    (add_net CELL_1_GND_SENSE)
    (add_net CELL_2)
    (add_net CELL_2_1_SENSE)
    (add_net CELL_3)
    (add_net CELL_3_2_SENSE)
    (add_net CELL_4)
    (add_net CELL_4_3_SENSE)
    (add_net CELL_5)
    (add_net CELL_5_4_SENSE)
    (add_net CELL_6)
    (add_net CELL_6_5_SENSE)
    (add_net CELL_7)
    (add_net CELL_7_6_SENSE)
    (add_net CELL_8)
    (add_net CELL_8_7_SENSE)
    (add_net E_STOP_GATE)
    (add_net FAN_CTL)
    (add_net GND)
    (add_net "Net-(BZ1-Pad1)")
    (add_net "Net-(C2-Pad1)")
    (add_net "Net-(C8-Pad2)")
    (add_net "Net-(Conn1-Pad1)")
    (add_net "Net-(Conn4-Pad4)")
    (add_net "Net-(Conn5-Pad2)")
    (add_net "Net-(D2-Pad1)")
    (add_net "Net-(D4-Pad1)")
    (add_net "Net-(D5-Pad1)")
    (add_net "Net-(D6-Pad1)")
    (add_net "Net-(D7-Pad1)")
    (add_net "Net-(F1-Pad1)")
    (add_net "Net-(J3-Pad1)")
    (add_net "Net-(J3-Pad3)")
    (add_net "Net-(Q3-Pad2)")
    (add_net "Net-(R11-Pad2)")
    (add_net "Net-(R17-Pad2)")
    (add_net "Net-(R19-Pad1)")
    (add_net "Net-(R21-Pad2)")
    (add_net "Net-(R23-Pad1)")
    (add_net "Net-(R25-Pad2)")
    (add_net "Net-(R27-Pad1)")
    (add_net "Net-(R29-Pad2)")
    (add_net "Net-(R31-Pad1)")
    (add_net "Net-(R33-Pad2)")
    (add_net "Net-(R35-Pad1)")
    (add_net "Net-(R37-Pad2)")
    (add_net "Net-(R39-Pad1)")
    (add_net "Net-(R41-Pad2)")
    (add_net "Net-(R43-Pad1)")
    (add_net "Net-(R45-Pad2)")
    (add_net "Net-(R47-Pad1)")
    (add_net PACK_GATE)
    (add_net PACK_I_SENSE)
    (add_net PACK_V)
    (add_net SER_TX_IND)
    (add_net SW_ERR)
    (add_net SW_IND)
    (add_net TEMP_D_OUT)
    (add_net V_OUT)
    (add_net V_OUT_SENSE)
  )

  (module MRDT_Connectors:MOLEX_uF_S_09_Vertical (layer "F(Vin).Cu") (tedit 6190442B) (tstamp 6214DA02)
    (at -43.053 -179.578 180)
    (path /62B0DD4A)
    (fp_text reference Conn2 (at 11.999996 5.08 180) (layer F.SilkS)
      (effects (font (size 1 1) (thickness 0.15)))
    )
    (fp_text value Molex_uF_S_09 (at 11.999996 -5.08 180) (layer F.SilkS)
      (effects (font (size 1 1) (thickness 0.15)))
    )
    (fp_line (start -4.58501 4.369999) (end 28.585009 4.369999) (layer F.CrtYd) (width 0.05))
    (fp_line (start -4.58501 -3.74) (end -4.58501 4.369999) (layer F.CrtYd) (width 0.05))
    (fp_line (start 28.585009 -3.74) (end -4.58501 -3.74) (layer F.CrtYd) (width 0.05))
    (fp_line (start 28.585009 4.369999) (end 28.585009 -3.74) (layer F.CrtYd) (width 0.05))
    (fp_line (start 27.315009 3.099999) (end 27.315009 -2.47) (layer F.Fab) (width 0.1))
    (fp_line (start -3.31501 3.099999) (end 27.315009 3.099999) (layer F.Fab) (width 0.1))
    (fp_line (start -3.31501 -2.47) (end -3.31501 3.099999) (layer F.Fab) (width 0.1))
    (fp_line (start 27.315009 -2.47) (end -3.31501 -2.47) (layer F.Fab) (width 0.1))
    (fp_line (start -3.31501 3.099999) (end 27.315002 3.099999) (layer F.SilkS) (width 0.12))
    (fp_line (start -3.31501 -1.061098) (end -3.31501 3.099999) (layer F.SilkS) (width 0.12))
    (fp_line (start 26.195479 -2.47) (end -2.195539 -2.47) (layer F.SilkS) (width 0.12))
    (fp_line (start 27.315002 3.099999) (end 27.315002 -1.061116) (layer F.SilkS) (width 0.12))
    (fp_line (start -5.09301 -0.635) (end -3.56901 0) (layer F.SilkS) (width 0.12))
    (fp_line (start -5.09301 0.635) (end -5.09301 -0.635) (layer F.SilkS) (width 0.12))
    (fp_line (start -3.56901 0) (end -5.09301 0.635) (layer F.SilkS) (width 0.12))
    (fp_line (start -5.09301 -0.635) (end -3.56901 0) (layer F.Fab) (width 0.1))
    (fp_line (start -5.09301 0.635) (end -5.09301 -0.635) (layer F.Fab) (width 0.1))
    (fp_line (start -3.56901 0) (end -5.09301 0.635) (layer F.Fab) (width 0.1))
    (fp_text user "Copyright 2021 Accelerated Designs. All rights reserved." (at 0 0 180) (layer Cmts.User)
      (effects (font (size 0.127 0.127) (thickness 0.002)))
    )
    (fp_text user * (at 0 0 180) (layer F.SilkS)
      (effects (font (size 1 1) (thickness 0.15)))
    )
    (fp_text user * (at 0 0 180) (layer F.Fab)
      (effects (font (size 1 1) (thickness 0.15)))
    )
    (pad 1 thru_hole rect (at 0 0) (size 1.52 1.52) (drill 1.02) (layers *.Cu *.Mask)
      (net 9 CELL_1))
    (pad 2 thru_hole circle (at 2.999999 0) (size 1.52 1.52) (drill 1.02) (layers *.Cu *.Mask)
      (net 10 CELL_2))
    (pad 3 thru_hole circle (at 5.999998 0) (size 1.52 1.52) (drill 1.02) (layers *.Cu *.Mask)
      (net 11 CELL_3))
    (pad 4 thru_hole circle (at 8.999997 0) (size 1.52 1.52) (drill 1.02) (layers *.Cu *.Mask)
      (net 12 CELL_4))
    (pad 5 thru_hole circle (at 11.999996 0) (size 1.52 1.52) (drill 1.02) (layers *.Cu *.Mask)
      (net 13 CELL_5))
    (pad 6 thru_hole circle (at 14.999995 0) (size 1.52 1.52) (drill 1.02) (layers *.Cu *.Mask)
      (net 14 CELL_6))
    (pad 7 thru_hole circle (at 17.999994 0) (size 1.52 1.52) (drill 1.02) (layers *.Cu *.Mask)
      (net 15 CELL_7))
    (pad 8 thru_hole circle (at 20.999994 0) (size 1.52 1.52) (drill 1.02) (layers *.Cu *.Mask)
      (net 16 CELL_8))
    (pad 9 thru_hole circle (at 23.999993 0) (size 1.52 1.52) (drill 1.02) (layers *.Cu *.Mask)
      (net 1 GND))
    (pad M1 np_thru_hole circle (at -2.999999 -1.96) (size 1.27 1.27) (drill 1.27) (layers *.Cu *.Mask))
    (pad M2 np_thru_hole circle (at 26.99994 -1.96) (size 1.27 1.27) (drill 1.27) (layers *.Cu *.Mask))
  )

  (module Resistor_SMD:R_0603_1608Metric_Pad0.98x0.95mm_HandSolder (layer "F(Vin).Cu") (tedit 5F68FEEE) (tstamp 62154A82)
    (at -47.371 -210.4625 90)
    (descr "Resistor SMD 0603 (1608 Metric), square (rectangular) end terminal, IPC_7351 nominal with elongated pad for handsoldering. (Body size source: IPC-SM-782 page 72, https://www.pcb-3d.com/wordpress/wp-content/uploads/ipc-sm-782a_amendment_1_and_2.pdf), generated with kicad-footprint-generator")
    (tags "resistor handsolder")
    (path /620B7AF0)
    (attr smd)
    (fp_text reference R30 (at 0 -1.43 90) (layer F.SilkS)
      (effects (font (size 1 1) (thickness 0.15)))
    )
    (fp_text value 40k (at 0 1.43 90) (layer F.Fab)
      (effects (font (size 1 1) (thickness 0.15)))
    )
    (fp_text user %R (at 0 0 90) (layer F.Fab)
      (effects (font (size 0.4 0.4) (thickness 0.06)))
    )
    (fp_line (start -0.8 0.4125) (end -0.8 -0.4125) (layer F.Fab) (width 0.1))
    (fp_line (start -0.8 -0.4125) (end 0.8 -0.4125) (layer F.Fab) (width 0.1))
    (fp_line (start 0.8 -0.4125) (end 0.8 0.4125) (layer F.Fab) (width 0.1))
    (fp_line (start 0.8 0.4125) (end -0.8 0.4125) (layer F.Fab) (width 0.1))
    (fp_line (start -0.254724 -0.5225) (end 0.254724 -0.5225) (layer F.SilkS) (width 0.12))
    (fp_line (start -0.254724 0.5225) (end 0.254724 0.5225) (layer F.SilkS) (width 0.12))
    (fp_line (start -1.65 0.73) (end -1.65 -0.73) (layer F.CrtYd) (width 0.05))
    (fp_line (start -1.65 -0.73) (end 1.65 -0.73) (layer F.CrtYd) (width 0.05))
    (fp_line (start 1.65 -0.73) (end 1.65 0.73) (layer F.CrtYd) (width 0.05))
    (fp_line (start 1.65 0.73) (end -1.65 0.73) (layer F.CrtYd) (width 0.05))
    (pad 2 smd roundrect (at 0.9125 0 90) (size 0.975 0.95) (layers "F(Vin).Cu" F.Paste F.Mask) (roundrect_rratio 0.25)
      (net 13 CELL_5))
    (pad 1 smd roundrect (at -0.9125 0 90) (size 0.975 0.95) (layers "F(Vin).Cu" F.Paste F.Mask) (roundrect_rratio 0.25)
      (net 50 "Net-(R29-Pad2)"))
    (model ${KICAD6_3DMODEL_DIR}/Resistor_SMD.3dshapes/R_0603_1608Metric.wrl
      (at (xyz 0 0 0))
      (scale (xyz 1 1 1))
      (rotate (xyz 0 0 0))
    )
  )

  (module Resistor_SMD:R_0603_1608Metric_Pad0.98x0.95mm_HandSolder (layer "F(Vin).Cu") (tedit 5F68FEEE) (tstamp 62154C62)
    (at -61.6985 -202.692 180)
    (descr "Resistor SMD 0603 (1608 Metric), square (rectangular) end terminal, IPC_7351 nominal with elongated pad for handsoldering. (Body size source: IPC-SM-782 page 72, https://www.pcb-3d.com/wordpress/wp-content/uploads/ipc-sm-782a_amendment_1_and_2.pdf), generated with kicad-footprint-generator")
    (tags "resistor handsolder")
    (path /6211C49A)
    (attr smd)
    (fp_text reference R21 (at 0.2305 1.397) (layer F.SilkS)
      (effects (font (size 1 1) (thickness 0.15)))
    )
    (fp_text value 31.5k (at 0 1.43) (layer F.Fab)
      (effects (font (size 1 1) (thickness 0.15)))
    )
    (fp_text user %R (at 0 0) (layer F.Fab)
      (effects (font (size 0.4 0.4) (thickness 0.06)))
    )
    (fp_line (start 1.65 0.73) (end -1.65 0.73) (layer F.CrtYd) (width 0.05))
    (fp_line (start 1.65 -0.73) (end 1.65 0.73) (layer F.CrtYd) (width 0.05))
    (fp_line (start -1.65 -0.73) (end 1.65 -0.73) (layer F.CrtYd) (width 0.05))
    (fp_line (start -1.65 0.73) (end -1.65 -0.73) (layer F.CrtYd) (width 0.05))
    (fp_line (start -0.254724 0.5225) (end 0.254724 0.5225) (layer F.SilkS) (width 0.12))
    (fp_line (start -0.254724 -0.5225) (end 0.254724 -0.5225) (layer F.SilkS) (width 0.12))
    (fp_line (start 0.8 0.4125) (end -0.8 0.4125) (layer F.Fab) (width 0.1))
    (fp_line (start 0.8 -0.4125) (end 0.8 0.4125) (layer F.Fab) (width 0.1))
    (fp_line (start -0.8 -0.4125) (end 0.8 -0.4125) (layer F.Fab) (width 0.1))
    (fp_line (start -0.8 0.4125) (end -0.8 -0.4125) (layer F.Fab) (width 0.1))
    (pad 1 smd roundrect (at -0.9125 0 180) (size 0.975 0.95) (layers "F(Vin).Cu" F.Paste F.Mask) (roundrect_rratio 0.25)
      (net 1 GND))
    (pad 2 smd roundrect (at 0.9125 0 180) (size 0.975 0.95) (layers "F(Vin).Cu" F.Paste F.Mask) (roundrect_rratio 0.25)
      (net 46 "Net-(R21-Pad2)"))
    (model ${KICAD6_3DMODEL_DIR}/Resistor_SMD.3dshapes/R_0603_1608Metric.wrl
      (at (xyz 0 0 0))
      (scale (xyz 1 1 1))
      (rotate (xyz 0 0 0))
    )
  )

  (module Resistor_SMD:R_0603_1608Metric_Pad0.98x0.95mm_HandSolder (layer "F(Vin).Cu") (tedit 5F68FEEE) (tstamp 62154AB2)
    (at -57.785 -201.9535 90)
    (descr "Resistor SMD 0603 (1608 Metric), square (rectangular) end terminal, IPC_7351 nominal with elongated pad for handsoldering. (Body size source: IPC-SM-782 page 72, https://www.pcb-3d.com/wordpress/wp-content/uploads/ipc-sm-782a_amendment_1_and_2.pdf), generated with kicad-footprint-generator")
    (tags "resistor handsolder")
    (path /620B7B4B)
    (attr smd)
    (fp_text reference R26 (at 0 -1.43 90) (layer F.SilkS)
      (effects (font (size 1 1) (thickness 0.15)))
    )
    (fp_text value 40k (at 0 1.43 90) (layer F.Fab)
      (effects (font (size 1 1) (thickness 0.15)))
    )
    (fp_text user %R (at 0 0 90) (layer F.Fab)
      (effects (font (size 0.4 0.4) (thickness 0.06)))
    )
    (fp_line (start -0.8 0.4125) (end -0.8 -0.4125) (layer F.Fab) (width 0.1))
    (fp_line (start -0.8 -0.4125) (end 0.8 -0.4125) (layer F.Fab) (width 0.1))
    (fp_line (start 0.8 -0.4125) (end 0.8 0.4125) (layer F.Fab) (width 0.1))
    (fp_line (start 0.8 0.4125) (end -0.8 0.4125) (layer F.Fab) (width 0.1))
    (fp_line (start -0.254724 -0.5225) (end 0.254724 -0.5225) (layer F.SilkS) (width 0.12))
    (fp_line (start -0.254724 0.5225) (end 0.254724 0.5225) (layer F.SilkS) (width 0.12))
    (fp_line (start -1.65 0.73) (end -1.65 -0.73) (layer F.CrtYd) (width 0.05))
    (fp_line (start -1.65 -0.73) (end 1.65 -0.73) (layer F.CrtYd) (width 0.05))
    (fp_line (start 1.65 -0.73) (end 1.65 0.73) (layer F.CrtYd) (width 0.05))
    (fp_line (start 1.65 0.73) (end -1.65 0.73) (layer F.CrtYd) (width 0.05))
    (pad 2 smd roundrect (at 0.9125 0 90) (size 0.975 0.95) (layers "F(Vin).Cu" F.Paste F.Mask) (roundrect_rratio 0.25)
      (net 14 CELL_6))
    (pad 1 smd roundrect (at -0.9125 0 90) (size 0.975 0.95) (layers "F(Vin).Cu" F.Paste F.Mask) (roundrect_rratio 0.25)
      (net 48 "Net-(R25-Pad2)"))
    (model ${KICAD6_3DMODEL_DIR}/Resistor_SMD.3dshapes/R_0603_1608Metric.wrl
      (at (xyz 0 0 0))
      (scale (xyz 1 1 1))
      (rotate (xyz 0 0 0))
    )
  )

  (module Resistor_SMD:R_0603_1608Metric_Pad0.98x0.95mm_HandSolder (layer "F(Vin).Cu") (tedit 5F68FEEE) (tstamp 62154D22)
    (at -59.563 -209.3995 90)
    (descr "Resistor SMD 0603 (1608 Metric), square (rectangular) end terminal, IPC_7351 nominal with elongated pad for handsoldering. (Body size source: IPC-SM-782 page 72, https://www.pcb-3d.com/wordpress/wp-content/uploads/ipc-sm-782a_amendment_1_and_2.pdf), generated with kicad-footprint-generator")
    (tags "resistor handsolder")
    (path /6211C48E)
    (attr smd)
    (fp_text reference R23 (at 0 -1.43 90) (layer F.SilkS)
      (effects (font (size 1 1) (thickness 0.15)))
    )
    (fp_text value 40k (at 0 1.43 90) (layer F.Fab)
      (effects (font (size 1 1) (thickness 0.15)))
    )
    (fp_text user %R (at 0 0 90) (layer F.Fab)
      (effects (font (size 0.4 0.4) (thickness 0.06)))
    )
    (fp_line (start 1.65 0.73) (end -1.65 0.73) (layer F.CrtYd) (width 0.05))
    (fp_line (start 1.65 -0.73) (end 1.65 0.73) (layer F.CrtYd) (width 0.05))
    (fp_line (start -1.65 -0.73) (end 1.65 -0.73) (layer F.CrtYd) (width 0.05))
    (fp_line (start -1.65 0.73) (end -1.65 -0.73) (layer F.CrtYd) (width 0.05))
    (fp_line (start -0.254724 0.5225) (end 0.254724 0.5225) (layer F.SilkS) (width 0.12))
    (fp_line (start -0.254724 -0.5225) (end 0.254724 -0.5225) (layer F.SilkS) (width 0.12))
    (fp_line (start 0.8 0.4125) (end -0.8 0.4125) (layer F.Fab) (width 0.1))
    (fp_line (start 0.8 -0.4125) (end 0.8 0.4125) (layer F.Fab) (width 0.1))
    (fp_line (start -0.8 -0.4125) (end 0.8 -0.4125) (layer F.Fab) (width 0.1))
    (fp_line (start -0.8 0.4125) (end -0.8 -0.4125) (layer F.Fab) (width 0.1))
    (pad 1 smd roundrect (at -0.9125 0 90) (size 0.975 0.95) (layers "F(Vin).Cu" F.Paste F.Mask) (roundrect_rratio 0.25)
      (net 47 "Net-(R23-Pad1)"))
    (pad 2 smd roundrect (at 0.9125 0 90) (size 0.975 0.95) (layers "F(Vin).Cu" F.Paste F.Mask) (roundrect_rratio 0.25)
      (net 14 CELL_6))
    (model ${KICAD6_3DMODEL_DIR}/Resistor_SMD.3dshapes/R_0603_1608Metric.wrl
      (at (xyz 0 0 0))
      (scale (xyz 1 1 1))
      (rotate (xyz 0 0 0))
    )
  )

  (module Resistor_SMD:R_0603_1608Metric_Pad0.98x0.95mm_HandSolder (layer "F(Vin).Cu") (tedit 5F68FEEE) (tstamp 62154B72)
    (at -31.115 -211.8125 90)
    (descr "Resistor SMD 0603 (1608 Metric), square (rectangular) end terminal, IPC_7351 nominal with elongated pad for handsoldering. (Body size source: IPC-SM-782 page 72, https://www.pcb-3d.com/wordpress/wp-content/uploads/ipc-sm-782a_amendment_1_and_2.pdf), generated with kicad-footprint-generator")
    (tags "resistor handsolder")
    (path /6206AF72)
    (attr smd)
    (fp_text reference R35 (at 0 -1.43 90) (layer F.SilkS)
      (effects (font (size 1 1) (thickness 0.15)))
    )
    (fp_text value 40k (at 0 1.43 90) (layer F.Fab)
      (effects (font (size 1 1) (thickness 0.15)))
    )
    (fp_text user %R (at 0 0 90) (layer F.Fab)
      (effects (font (size 0.4 0.4) (thickness 0.06)))
    )
    (fp_line (start 1.65 0.73) (end -1.65 0.73) (layer F.CrtYd) (width 0.05))
    (fp_line (start 1.65 -0.73) (end 1.65 0.73) (layer F.CrtYd) (width 0.05))
    (fp_line (start -1.65 -0.73) (end 1.65 -0.73) (layer F.CrtYd) (width 0.05))
    (fp_line (start -1.65 0.73) (end -1.65 -0.73) (layer F.CrtYd) (width 0.05))
    (fp_line (start -0.254724 0.5225) (end 0.254724 0.5225) (layer F.SilkS) (width 0.12))
    (fp_line (start -0.254724 -0.5225) (end 0.254724 -0.5225) (layer F.SilkS) (width 0.12))
    (fp_line (start 0.8 0.4125) (end -0.8 0.4125) (layer F.Fab) (width 0.1))
    (fp_line (start 0.8 -0.4125) (end 0.8 0.4125) (layer F.Fab) (width 0.1))
    (fp_line (start -0.8 -0.4125) (end 0.8 -0.4125) (layer F.Fab) (width 0.1))
    (fp_line (start -0.8 0.4125) (end -0.8 -0.4125) (layer F.Fab) (width 0.1))
    (pad 1 smd roundrect (at -0.9125 0 90) (size 0.975 0.95) (layers "F(Vin).Cu" F.Paste F.Mask) (roundrect_rratio 0.25)
      (net 53 "Net-(R35-Pad1)"))
    (pad 2 smd roundrect (at 0.9125 0 90) (size 0.975 0.95) (layers "F(Vin).Cu" F.Paste F.Mask) (roundrect_rratio 0.25)
      (net 11 CELL_3))
    (model ${KICAD6_3DMODEL_DIR}/Resistor_SMD.3dshapes/R_0603_1608Metric.wrl
      (at (xyz 0 0 0))
      (scale (xyz 1 1 1))
      (rotate (xyz 0 0 0))
    )
  )

  (module Resistor_SMD:R_0603_1608Metric_Pad0.98x0.95mm_HandSolder (layer "F(Vin).Cu") (tedit 5F68FEEE) (tstamp 62154B42)
    (at -38.735 -202.1605 90)
    (descr "Resistor SMD 0603 (1608 Metric), square (rectangular) end terminal, IPC_7351 nominal with elongated pad for handsoldering. (Body size source: IPC-SM-782 page 72, https://www.pcb-3d.com/wordpress/wp-content/uploads/ipc-sm-782a_amendment_1_and_2.pdf), generated with kicad-footprint-generator")
    (tags "resistor handsolder")
    (path /6206AF78)
    (attr smd)
    (fp_text reference R34 (at 0 -1.43 90) (layer F.SilkS)
      (effects (font (size 1 1) (thickness 0.15)))
    )
    (fp_text value 40k (at 0 1.43 90) (layer F.Fab)
      (effects (font (size 1 1) (thickness 0.15)))
    )
    (fp_text user %R (at 0 0 90) (layer F.Fab)
      (effects (font (size 0.4 0.4) (thickness 0.06)))
    )
    (fp_line (start -0.8 0.4125) (end -0.8 -0.4125) (layer F.Fab) (width 0.1))
    (fp_line (start -0.8 -0.4125) (end 0.8 -0.4125) (layer F.Fab) (width 0.1))
    (fp_line (start 0.8 -0.4125) (end 0.8 0.4125) (layer F.Fab) (width 0.1))
    (fp_line (start 0.8 0.4125) (end -0.8 0.4125) (layer F.Fab) (width 0.1))
    (fp_line (start -0.254724 -0.5225) (end 0.254724 -0.5225) (layer F.SilkS) (width 0.12))
    (fp_line (start -0.254724 0.5225) (end 0.254724 0.5225) (layer F.SilkS) (width 0.12))
    (fp_line (start -1.65 0.73) (end -1.65 -0.73) (layer F.CrtYd) (width 0.05))
    (fp_line (start -1.65 -0.73) (end 1.65 -0.73) (layer F.CrtYd) (width 0.05))
    (fp_line (start 1.65 -0.73) (end 1.65 0.73) (layer F.CrtYd) (width 0.05))
    (fp_line (start 1.65 0.73) (end -1.65 0.73) (layer F.CrtYd) (width 0.05))
    (pad 2 smd roundrect (at 0.9125 0 90) (size 0.975 0.95) (layers "F(Vin).Cu" F.Paste F.Mask) (roundrect_rratio 0.25)
      (net 12 CELL_4))
    (pad 1 smd roundrect (at -0.9125 0 90) (size 0.975 0.95) (layers "F(Vin).Cu" F.Paste F.Mask) (roundrect_rratio 0.25)
      (net 52 "Net-(R33-Pad2)"))
    (model ${KICAD6_3DMODEL_DIR}/Resistor_SMD.3dshapes/R_0603_1608Metric.wrl
      (at (xyz 0 0 0))
      (scale (xyz 1 1 1))
      (rotate (xyz 0 0 0))
    )
  )

  (module Resistor_SMD:R_0603_1608Metric_Pad0.98x0.95mm_HandSolder (layer "F(Vin).Cu") (tedit 5F68FEEE) (tstamp 62154B12)
    (at -56.8725 -198.929 180)
    (descr "Resistor SMD 0603 (1608 Metric), square (rectangular) end terminal, IPC_7351 nominal with elongated pad for handsoldering. (Body size source: IPC-SM-782 page 72, https://www.pcb-3d.com/wordpress/wp-content/uploads/ipc-sm-782a_amendment_1_and_2.pdf), generated with kicad-footprint-generator")
    (tags "resistor handsolder")
    (path /620B7B77)
    (attr smd)
    (fp_text reference R25 (at -0.1035 1.27) (layer F.SilkS)
      (effects (font (size 1 1) (thickness 0.15)))
    )
    (fp_text value 31.5k (at 0 1.43) (layer F.Fab)
      (effects (font (size 1 1) (thickness 0.15)))
    )
    (fp_text user %R (at 0 0) (layer F.Fab)
      (effects (font (size 0.4 0.4) (thickness 0.06)))
    )
    (fp_line (start -0.8 0.4125) (end -0.8 -0.4125) (layer F.Fab) (width 0.1))
    (fp_line (start -0.8 -0.4125) (end 0.8 -0.4125) (layer F.Fab) (width 0.1))
    (fp_line (start 0.8 -0.4125) (end 0.8 0.4125) (layer F.Fab) (width 0.1))
    (fp_line (start 0.8 0.4125) (end -0.8 0.4125) (layer F.Fab) (width 0.1))
    (fp_line (start -0.254724 -0.5225) (end 0.254724 -0.5225) (layer F.SilkS) (width 0.12))
    (fp_line (start -0.254724 0.5225) (end 0.254724 0.5225) (layer F.SilkS) (width 0.12))
    (fp_line (start -1.65 0.73) (end -1.65 -0.73) (layer F.CrtYd) (width 0.05))
    (fp_line (start -1.65 -0.73) (end 1.65 -0.73) (layer F.CrtYd) (width 0.05))
    (fp_line (start 1.65 -0.73) (end 1.65 0.73) (layer F.CrtYd) (width 0.05))
    (fp_line (start 1.65 0.73) (end -1.65 0.73) (layer F.CrtYd) (width 0.05))
    (pad 2 smd roundrect (at 0.9125 0 180) (size 0.975 0.95) (layers "F(Vin).Cu" F.Paste F.Mask) (roundrect_rratio 0.25)
      (net 48 "Net-(R25-Pad2)"))
    (pad 1 smd roundrect (at -0.9125 0 180) (size 0.975 0.95) (layers "F(Vin).Cu" F.Paste F.Mask) (roundrect_rratio 0.25)
      (net 1 GND))
    (model ${KICAD6_3DMODEL_DIR}/Resistor_SMD.3dshapes/R_0603_1608Metric.wrl
      (at (xyz 0 0 0))
      (scale (xyz 1 1 1))
      (rotate (xyz 0 0 0))
    )
  )

  (module Resistor_SMD:R_0603_1608Metric_Pad0.98x0.95mm_HandSolder (layer "F(Vin).Cu") (tedit 5F68FEEE) (tstamp 62154AE2)
    (at -68.0485 -199.39)
    (descr "Resistor SMD 0603 (1608 Metric), square (rectangular) end terminal, IPC_7351 nominal with elongated pad for handsoldering. (Body size source: IPC-SM-782 page 72, https://www.pcb-3d.com/wordpress/wp-content/uploads/ipc-sm-782a_amendment_1_and_2.pdf), generated with kicad-footprint-generator")
    (tags "resistor handsolder")
    (path /6211C4B2)
    (attr smd)
    (fp_text reference R24 (at 0 -1.43) (layer F.SilkS)
      (effects (font (size 1 1) (thickness 0.15)))
    )
    (fp_text value 31.5k (at 0 1.43) (layer F.Fab)
      (effects (font (size 1 1) (thickness 0.15)))
    )
    (fp_text user %R (at 0 0) (layer F.Fab)
      (effects (font (size 0.4 0.4) (thickness 0.06)))
    )
    (fp_line (start -0.8 0.4125) (end -0.8 -0.4125) (layer F.Fab) (width 0.1))
    (fp_line (start -0.8 -0.4125) (end 0.8 -0.4125) (layer F.Fab) (width 0.1))
    (fp_line (start 0.8 -0.4125) (end 0.8 0.4125) (layer F.Fab) (width 0.1))
    (fp_line (start 0.8 0.4125) (end -0.8 0.4125) (layer F.Fab) (width 0.1))
    (fp_line (start -0.254724 -0.5225) (end 0.254724 -0.5225) (layer F.SilkS) (width 0.12))
    (fp_line (start -0.254724 0.5225) (end 0.254724 0.5225) (layer F.SilkS) (width 0.12))
    (fp_line (start -1.65 0.73) (end -1.65 -0.73) (layer F.CrtYd) (width 0.05))
    (fp_line (start -1.65 -0.73) (end 1.65 -0.73) (layer F.CrtYd) (width 0.05))
    (fp_line (start 1.65 -0.73) (end 1.65 0.73) (layer F.CrtYd) (width 0.05))
    (fp_line (start 1.65 0.73) (end -1.65 0.73) (layer F.CrtYd) (width 0.05))
    (pad 2 smd roundrect (at 0.9125 0) (size 0.975 0.95) (layers "F(Vin).Cu" F.Paste F.Mask) (roundrect_rratio 0.25)
      (net 47 "Net-(R23-Pad1)"))
    (pad 1 smd roundrect (at -0.9125 0) (size 0.975 0.95) (layers "F(Vin).Cu" F.Paste F.Mask) (roundrect_rratio 0.25)
      (net 28 CELL_7_6_SENSE))
    (model ${KICAD6_3DMODEL_DIR}/Resistor_SMD.3dshapes/R_0603_1608Metric.wrl
      (at (xyz 0 0 0))
      (scale (xyz 1 1 1))
      (rotate (xyz 0 0 0))
    )
  )

  (module Resistor_SMD:R_0603_1608Metric_Pad0.98x0.95mm_HandSolder (layer "F(Vin).Cu") (tedit 5F68FEEE) (tstamp 62154CF2)
    (at -37.8225 -198.12 180)
    (descr "Resistor SMD 0603 (1608 Metric), square (rectangular) end terminal, IPC_7351 nominal with elongated pad for handsoldering. (Body size source: IPC-SM-782 page 72, https://www.pcb-3d.com/wordpress/wp-content/uploads/ipc-sm-782a_amendment_1_and_2.pdf), generated with kicad-footprint-generator")
    (tags "resistor handsolder")
    (path /6206AFA4)
    (attr smd)
    (fp_text reference R33 (at -0.04 1.4605) (layer F.SilkS)
      (effects (font (size 1 1) (thickness 0.15)))
    )
    (fp_text value 31.5k (at 0 1.43) (layer F.Fab)
      (effects (font (size 1 1) (thickness 0.15)))
    )
    (fp_text user %R (at 0 0) (layer F.Fab)
      (effects (font (size 0.4 0.4) (thickness 0.06)))
    )
    (fp_line (start -0.8 0.4125) (end -0.8 -0.4125) (layer F.Fab) (width 0.1))
    (fp_line (start -0.8 -0.4125) (end 0.8 -0.4125) (layer F.Fab) (width 0.1))
    (fp_line (start 0.8 -0.4125) (end 0.8 0.4125) (layer F.Fab) (width 0.1))
    (fp_line (start 0.8 0.4125) (end -0.8 0.4125) (layer F.Fab) (width 0.1))
    (fp_line (start -0.254724 -0.5225) (end 0.254724 -0.5225) (layer F.SilkS) (width 0.12))
    (fp_line (start -0.254724 0.5225) (end 0.254724 0.5225) (layer F.SilkS) (width 0.12))
    (fp_line (start -1.65 0.73) (end -1.65 -0.73) (layer F.CrtYd) (width 0.05))
    (fp_line (start -1.65 -0.73) (end 1.65 -0.73) (layer F.CrtYd) (width 0.05))
    (fp_line (start 1.65 -0.73) (end 1.65 0.73) (layer F.CrtYd) (width 0.05))
    (fp_line (start 1.65 0.73) (end -1.65 0.73) (layer F.CrtYd) (width 0.05))
    (pad 2 smd roundrect (at 0.9125 0 180) (size 0.975 0.95) (layers "F(Vin).Cu" F.Paste F.Mask) (roundrect_rratio 0.25)
      (net 52 "Net-(R33-Pad2)"))
    (pad 1 smd roundrect (at -0.9125 0 180) (size 0.975 0.95) (layers "F(Vin).Cu" F.Paste F.Mask) (roundrect_rratio 0.25)
      (net 1 GND))
    (model ${KICAD6_3DMODEL_DIR}/Resistor_SMD.3dshapes/R_0603_1608Metric.wrl
      (at (xyz 0 0 0))
      (scale (xyz 1 1 1))
      (rotate (xyz 0 0 0))
    )
  )

  (module Resistor_SMD:R_0603_1608Metric_Pad0.98x0.95mm_HandSolder (layer "F(Vin).Cu") (tedit 5F68FEEE) (tstamp 62154C92)
    (at -67.183 -211.2245 90)
    (descr "Resistor SMD 0603 (1608 Metric), square (rectangular) end terminal, IPC_7351 nominal with elongated pad for handsoldering. (Body size source: IPC-SM-782 page 72, https://www.pcb-3d.com/wordpress/wp-content/uploads/ipc-sm-782a_amendment_1_and_2.pdf), generated with kicad-footprint-generator")
    (tags "resistor handsolder")
    (path /6211C494)
    (attr smd)
    (fp_text reference R22 (at 0.254 1.27 90) (layer F.SilkS)
      (effects (font (size 1 1) (thickness 0.15)))
    )
    (fp_text value 40k (at 0 1.43 90) (layer F.Fab)
      (effects (font (size 1 1) (thickness 0.15)))
    )
    (fp_text user %R (at 0 0 90) (layer F.Fab)
      (effects (font (size 0.4 0.4) (thickness 0.06)))
    )
    (fp_line (start -0.8 0.4125) (end -0.8 -0.4125) (layer F.Fab) (width 0.1))
    (fp_line (start -0.8 -0.4125) (end 0.8 -0.4125) (layer F.Fab) (width 0.1))
    (fp_line (start 0.8 -0.4125) (end 0.8 0.4125) (layer F.Fab) (width 0.1))
    (fp_line (start 0.8 0.4125) (end -0.8 0.4125) (layer F.Fab) (width 0.1))
    (fp_line (start -0.254724 -0.5225) (end 0.254724 -0.5225) (layer F.SilkS) (width 0.12))
    (fp_line (start -0.254724 0.5225) (end 0.254724 0.5225) (layer F.SilkS) (width 0.12))
    (fp_line (start -1.65 0.73) (end -1.65 -0.73) (layer F.CrtYd) (width 0.05))
    (fp_line (start -1.65 -0.73) (end 1.65 -0.73) (layer F.CrtYd) (width 0.05))
    (fp_line (start 1.65 -0.73) (end 1.65 0.73) (layer F.CrtYd) (width 0.05))
    (fp_line (start 1.65 0.73) (end -1.65 0.73) (layer F.CrtYd) (width 0.05))
    (pad 2 smd roundrect (at 0.9125 0 90) (size 0.975 0.95) (layers "F(Vin).Cu" F.Paste F.Mask) (roundrect_rratio 0.25)
      (net 15 CELL_7))
    (pad 1 smd roundrect (at -0.9125 0 90) (size 0.975 0.95) (layers "F(Vin).Cu" F.Paste F.Mask) (roundrect_rratio 0.25)
      (net 46 "Net-(R21-Pad2)"))
    (model ${KICAD6_3DMODEL_DIR}/Resistor_SMD.3dshapes/R_0603_1608Metric.wrl
      (at (xyz 0 0 0))
      (scale (xyz 1 1 1))
      (rotate (xyz 0 0 0))
    )
  )

  (module Resistor_SMD:R_0603_1608Metric_Pad0.98x0.95mm_HandSolder (layer "F(Vin).Cu") (tedit 5F68FEEE) (tstamp 62154BD2)
    (at -75.9695 -206.502 180)
    (descr "Resistor SMD 0603 (1608 Metric), square (rectangular) end terminal, IPC_7351 nominal with elongated pad for handsoldering. (Body size source: IPC-SM-782 page 72, https://www.pcb-3d.com/wordpress/wp-content/uploads/ipc-sm-782a_amendment_1_and_2.pdf), generated with kicad-footprint-generator")
    (tags "resistor handsolder")
    (path /6211C4FD)
    (attr smd)
    (fp_text reference R20 (at -0.1035 1.524) (layer F.SilkS)
      (effects (font (size 1 1) (thickness 0.15)))
    )
    (fp_text value 31.5k (at 0 1.43) (layer F.Fab)
      (effects (font (size 1 1) (thickness 0.15)))
    )
    (fp_text user %R (at 0 0) (layer F.Fab)
      (effects (font (size 0.4 0.4) (thickness 0.06)))
    )
    (fp_line (start 1.65 0.73) (end -1.65 0.73) (layer F.CrtYd) (width 0.05))
    (fp_line (start 1.65 -0.73) (end 1.65 0.73) (layer F.CrtYd) (width 0.05))
    (fp_line (start -1.65 -0.73) (end 1.65 -0.73) (layer F.CrtYd) (width 0.05))
    (fp_line (start -1.65 0.73) (end -1.65 -0.73) (layer F.CrtYd) (width 0.05))
    (fp_line (start -0.254724 0.5225) (end 0.254724 0.5225) (layer F.SilkS) (width 0.12))
    (fp_line (start -0.254724 -0.5225) (end 0.254724 -0.5225) (layer F.SilkS) (width 0.12))
    (fp_line (start 0.8 0.4125) (end -0.8 0.4125) (layer F.Fab) (width 0.1))
    (fp_line (start 0.8 -0.4125) (end 0.8 0.4125) (layer F.Fab) (width 0.1))
    (fp_line (start -0.8 -0.4125) (end 0.8 -0.4125) (layer F.Fab) (width 0.1))
    (fp_line (start -0.8 0.4125) (end -0.8 -0.4125) (layer F.Fab) (width 0.1))
    (pad 1 smd roundrect (at -0.9125 0 180) (size 0.975 0.95) (layers "F(Vin).Cu" F.Paste F.Mask) (roundrect_rratio 0.25)
      (net 27 CELL_8_7_SENSE))
    (pad 2 smd roundrect (at 0.9125 0 180) (size 0.975 0.95) (layers "F(Vin).Cu" F.Paste F.Mask) (roundrect_rratio 0.25)
      (net 45 "Net-(R19-Pad1)"))
    (model ${KICAD6_3DMODEL_DIR}/Resistor_SMD.3dshapes/R_0603_1608Metric.wrl
      (at (xyz 0 0 0))
      (scale (xyz 1 1 1))
      (rotate (xyz 0 0 0))
    )
  )

  (module Resistor_SMD:R_0603_1608Metric_Pad0.98x0.95mm_HandSolder (layer "F(Vin).Cu") (tedit 5F68FEEE) (tstamp 62154CC2)
    (at -50.419 -210.4625 90)
    (descr "Resistor SMD 0603 (1608 Metric), square (rectangular) end terminal, IPC_7351 nominal with elongated pad for handsoldering. (Body size source: IPC-SM-782 page 72, https://www.pcb-3d.com/wordpress/wp-content/uploads/ipc-sm-782a_amendment_1_and_2.pdf), generated with kicad-footprint-generator")
    (tags "resistor handsolder")
    (path /620B7B45)
    (attr smd)
    (fp_text reference R27 (at 0 -1.43 90) (layer F.SilkS)
      (effects (font (size 1 1) (thickness 0.15)))
    )
    (fp_text value 40k (at 0 1.43 90) (layer F.Fab)
      (effects (font (size 1 1) (thickness 0.15)))
    )
    (fp_text user %R (at 0 0 90) (layer F.Fab)
      (effects (font (size 0.4 0.4) (thickness 0.06)))
    )
    (fp_line (start 1.65 0.73) (end -1.65 0.73) (layer F.CrtYd) (width 0.05))
    (fp_line (start 1.65 -0.73) (end 1.65 0.73) (layer F.CrtYd) (width 0.05))
    (fp_line (start -1.65 -0.73) (end 1.65 -0.73) (layer F.CrtYd) (width 0.05))
    (fp_line (start -1.65 0.73) (end -1.65 -0.73) (layer F.CrtYd) (width 0.05))
    (fp_line (start -0.254724 0.5225) (end 0.254724 0.5225) (layer F.SilkS) (width 0.12))
    (fp_line (start -0.254724 -0.5225) (end 0.254724 -0.5225) (layer F.SilkS) (width 0.12))
    (fp_line (start 0.8 0.4125) (end -0.8 0.4125) (layer F.Fab) (width 0.1))
    (fp_line (start 0.8 -0.4125) (end 0.8 0.4125) (layer F.Fab) (width 0.1))
    (fp_line (start -0.8 -0.4125) (end 0.8 -0.4125) (layer F.Fab) (width 0.1))
    (fp_line (start -0.8 0.4125) (end -0.8 -0.4125) (layer F.Fab) (width 0.1))
    (pad 1 smd roundrect (at -0.9125 0 90) (size 0.975 0.95) (layers "F(Vin).Cu" F.Paste F.Mask) (roundrect_rratio 0.25)
      (net 49 "Net-(R27-Pad1)"))
    (pad 2 smd roundrect (at 0.9125 0 90) (size 0.975 0.95) (layers "F(Vin).Cu" F.Paste F.Mask) (roundrect_rratio 0.25)
      (net 13 CELL_5))
    (model ${KICAD6_3DMODEL_DIR}/Resistor_SMD.3dshapes/R_0603_1608Metric.wrl
      (at (xyz 0 0 0))
      (scale (xyz 1 1 1))
      (rotate (xyz 0 0 0))
    )
  )

  (module Resistor_SMD:R_0603_1608Metric_Pad0.98x0.95mm_HandSolder (layer "F(Vin).Cu") (tedit 5F68FEEE) (tstamp 62154C32)
    (at -42.6485 -202.692 180)
    (descr "Resistor SMD 0603 (1608 Metric), square (rectangular) end terminal, IPC_7351 nominal with elongated pad for handsoldering. (Body size source: IPC-SM-782 page 72, https://www.pcb-3d.com/wordpress/wp-content/uploads/ipc-sm-782a_amendment_1_and_2.pdf), generated with kicad-footprint-generator")
    (tags "resistor handsolder")
    (path /620B7AF6)
    (attr smd)
    (fp_text reference R29 (at 0 -1.43) (layer F.SilkS)
      (effects (font (size 1 1) (thickness 0.15)))
    )
    (fp_text value 31.5k (at 0 1.43) (layer F.Fab)
      (effects (font (size 1 1) (thickness 0.15)))
    )
    (fp_text user %R (at 0 0) (layer F.Fab)
      (effects (font (size 0.4 0.4) (thickness 0.06)))
    )
    (fp_line (start 1.65 0.73) (end -1.65 0.73) (layer F.CrtYd) (width 0.05))
    (fp_line (start 1.65 -0.73) (end 1.65 0.73) (layer F.CrtYd) (width 0.05))
    (fp_line (start -1.65 -0.73) (end 1.65 -0.73) (layer F.CrtYd) (width 0.05))
    (fp_line (start -1.65 0.73) (end -1.65 -0.73) (layer F.CrtYd) (width 0.05))
    (fp_line (start -0.254724 0.5225) (end 0.254724 0.5225) (layer F.SilkS) (width 0.12))
    (fp_line (start -0.254724 -0.5225) (end 0.254724 -0.5225) (layer F.SilkS) (width 0.12))
    (fp_line (start 0.8 0.4125) (end -0.8 0.4125) (layer F.Fab) (width 0.1))
    (fp_line (start 0.8 -0.4125) (end 0.8 0.4125) (layer F.Fab) (width 0.1))
    (fp_line (start -0.8 -0.4125) (end 0.8 -0.4125) (layer F.Fab) (width 0.1))
    (fp_line (start -0.8 0.4125) (end -0.8 -0.4125) (layer F.Fab) (width 0.1))
    (pad 1 smd roundrect (at -0.9125 0 180) (size 0.975 0.95) (layers "F(Vin).Cu" F.Paste F.Mask) (roundrect_rratio 0.25)
      (net 1 GND))
    (pad 2 smd roundrect (at 0.9125 0 180) (size 0.975 0.95) (layers "F(Vin).Cu" F.Paste F.Mask) (roundrect_rratio 0.25)
      (net 50 "Net-(R29-Pad2)"))
    (model ${KICAD6_3DMODEL_DIR}/Resistor_SMD.3dshapes/R_0603_1608Metric.wrl
      (at (xyz 0 0 0))
      (scale (xyz 1 1 1))
      (rotate (xyz 0 0 0))
    )
  )

  (module Resistor_SMD:R_0603_1608Metric_Pad0.98x0.95mm_HandSolder (layer "F(Vin).Cu") (tedit 5F68FEEE) (tstamp 62154C02)
    (at -56.6185 -206.502 180)
    (descr "Resistor SMD 0603 (1608 Metric), square (rectangular) end terminal, IPC_7351 nominal with elongated pad for handsoldering. (Body size source: IPC-SM-782 page 72, https://www.pcb-3d.com/wordpress/wp-content/uploads/ipc-sm-782a_amendment_1_and_2.pdf), generated with kicad-footprint-generator")
    (tags "resistor handsolder")
    (path /620B7B59)
    (attr smd)
    (fp_text reference R28 (at 0.1035 -1.27) (layer F.SilkS)
      (effects (font (size 1 1) (thickness 0.15)))
    )
    (fp_text value 31.5k (at 0 1.43) (layer F.Fab)
      (effects (font (size 1 1) (thickness 0.15)))
    )
    (fp_text user %R (at 0 0) (layer F.Fab)
      (effects (font (size 0.4 0.4) (thickness 0.06)))
    )
    (fp_line (start 1.65 0.73) (end -1.65 0.73) (layer F.CrtYd) (width 0.05))
    (fp_line (start 1.65 -0.73) (end 1.65 0.73) (layer F.CrtYd) (width 0.05))
    (fp_line (start -1.65 -0.73) (end 1.65 -0.73) (layer F.CrtYd) (width 0.05))
    (fp_line (start -1.65 0.73) (end -1.65 -0.73) (layer F.CrtYd) (width 0.05))
    (fp_line (start -0.254724 0.5225) (end 0.254724 0.5225) (layer F.SilkS) (width 0.12))
    (fp_line (start -0.254724 -0.5225) (end 0.254724 -0.5225) (layer F.SilkS) (width 0.12))
    (fp_line (start 0.8 0.4125) (end -0.8 0.4125) (layer F.Fab) (width 0.1))
    (fp_line (start 0.8 -0.4125) (end 0.8 0.4125) (layer F.Fab) (width 0.1))
    (fp_line (start -0.8 -0.4125) (end 0.8 -0.4125) (layer F.Fab) (width 0.1))
    (fp_line (start -0.8 0.4125) (end -0.8 -0.4125) (layer F.Fab) (width 0.1))
    (pad 1 smd roundrect (at -0.9125 0 180) (size 0.975 0.95) (layers "F(Vin).Cu" F.Paste F.Mask) (roundrect_rratio 0.25)
      (net 29 CELL_6_5_SENSE))
    (pad 2 smd roundrect (at 0.9125 0 180) (size 0.975 0.95) (layers "F(Vin).Cu" F.Paste F.Mask) (roundrect_rratio 0.25)
      (net 49 "Net-(R27-Pad1)"))
    (model ${KICAD6_3DMODEL_DIR}/Resistor_SMD.3dshapes/R_0603_1608Metric.wrl
      (at (xyz 0 0 0))
      (scale (xyz 1 1 1))
      (rotate (xyz 0 0 0))
    )
  )

  (module Resistor_SMD:R_0603_1608Metric_Pad0.98x0.95mm_HandSolder (layer "F(Vin).Cu") (tedit 5F68FEEE) (tstamp 62154BA2)
    (at -22.5825 -202.692 180)
    (descr "Resistor SMD 0603 (1608 Metric), square (rectangular) end terminal, IPC_7351 nominal with elongated pad for handsoldering. (Body size source: IPC-SM-782 page 72, https://www.pcb-3d.com/wordpress/wp-content/uploads/ipc-sm-782a_amendment_1_and_2.pdf), generated with kicad-footprint-generator")
    (tags "resistor handsolder")
    (path /6206AF23)
    (attr smd)
    (fp_text reference R37 (at 0 -1.43) (layer F.SilkS)
      (effects (font (size 1 1) (thickness 0.15)))
    )
    (fp_text value 31.5k (at 0 1.43) (layer F.Fab)
      (effects (font (size 1 1) (thickness 0.15)))
    )
    (fp_text user %R (at 0 0) (layer F.Fab)
      (effects (font (size 0.4 0.4) (thickness 0.06)))
    )
    (fp_line (start 1.65 0.73) (end -1.65 0.73) (layer F.CrtYd) (width 0.05))
